0
0
0
0
0
0
0
2
6
6
12
27
36
51
56
72
87
91
97
111
122
158
185
194
198
198
211
226
239
254
274
295
335
381
422
506
579
608
629
654
707
737
758
797
846
887
971
1035
1058
1078
1123
1176
1226
1289
1374
1456
1534
1608
1644
1707
1792
1902
2012
2109
2163
2260
2353
2405
2467
2563
2658
2707
2740
2779
2821
2858
2885
2911
2970
3112
3218
3271
3415
3591
3680
3748
3877
3982
4044
4131
4232
4353
4486
4605
4713
4845
5016
5100
5180
5247
5297
5363
5501
5654
5797
5962
6102
6143
6157
6237
6324
6395
6472
6543
6602
6704
6834
6988
7068
7177
7287
7413
7509
7577
7636
7686
7747
7824
7977
8130
8280
8408
8461
8511
8614
8753
8861
8912
8964
9014
9055
9112
9167
9237
9325
9432
9529
9611
9682
9705
9722
9760
9789
9833
9914
9967
10012
10109
10185
10213
10264
10324
10354
10404
10477
10526
10584
10651
10723
10821
10941
10991
11067
11137
11221
11268
11289
11309
11329
11376
11430
11453
11464
11470
11500
11512
11512
11519
11543
11569
11583
11610
11630
11647
11661
11671
11677
11681
11706
11737
11747
11763
11806
11846
11884
11912
11951
11976
11992
12016
12077
12098
12120
12142
12157
12176
12192
12202
12218
12236
12240
12241
12270
12317
12334
12334
12350
12393
12435
12457
12469
12496
12508
12514
12547
12555
12559
12563
12563
12569
12577
12595
12603
12611
12634
12668
12696
12712
12716
12716
12723
12727
12731
12731
12734
12734
12744
12759
12767
12769
12773
12773
12773
12773
12773
12773
12773
12777
12781
12781
12781
12784
12784
12784
12784
12786
12786
12788
12792
12792
12792
12795
12799
12799
12799
12803
12807
12807
12810
12810
12810
12810
12810
12810
12810
12810
12810
12810
12810
12810
12810
12810
12810
12818
12832
12838
12838
12842
12842
12842
12842
12842
12842
12842
12842
12842
12842
12842
12842
12842
12842
12842
12842
12842
12842
12844
12844
12844
12844
12844
12844
12844
12844
12855
12859
12859
12859
12859
12859
12859
12859
12859
12859
12859
12859
12859
12859
12859
12859
12859
12859
12859
12862
12866
12866
12866
12866
12866
12866
12866
12866
12866
12866
12866
12866
12866
12866
12866
12866
12866
12866
12866
12866
12866
12866
12866
12866
12866
12866
12866
12866
12866
12866
12866
12866
12866
12866
12866
12866
12866
12866
12866
12866
12866
12866
12866
12866
12866
12866
12866
12866
12866
12866
12866
12866
12866
12866
12866
12866
12866
12866
12866
12866
12866
12866
12866
12866
12866
12866
12866
12866
12866
12866
12866
12866
12866
12866
