0
0
0
0
0
0
0
6
10
10
25
46
58
68
87
103
107
107
115
119
119
159
186
195
199
199
213
229
242
256
278
308
360
401
436
509
552
597
696
760
778
792
808
847
898
944
1009
1057
1096
1118
1177
1278
1374
1420
1451
1495
1529
1579
1596
1667
1784
1870
1961
2077
2179
2232
2270
2305
2375
2483
2550
2675
2784
2833
2888
3012
3080
3122
3204
3352
3462
3547
3644
3721
3783
3838
3913
4006
4059
4129
4258
4367
4472
4599
4790
5006
5140
5258
5385
5453
5532
5621
5743
5886
6014
6109
6231
6388
6488
6519
6560
6609
6683
6761
6822
6930
7025
7136
7283
7401
7500
7622
7765
7864
7940
8046
8118
8206
8334
8460
8562
8610
8673
8759
8831
8889
8989
9050
9103
9150
9209
9262
9295
9339
9409
9487
9560
9614
9646
9661
9679
9702
9733
9784
9827
9855
9909
9981
10048
10107
10161
10211
10267
10292
10340
10400
10467
10552
10622
10662
10684
10704
10754
10827
10901
10930
10943
10972
10996
11021
11047
11094
11138
11167
11193
11201
11202
11213
11240
11248
11258
11272
11282
11308
11333
11342
11362
11394
11447
11510
11572
11641
11682
11707
11739
11772
11785
11785
11789
11815
11861
11918
11963
11983
12006
12034
12057
12095
12124
12128
12128
12134
12149
12160
12160
12160
12181
12223
12261
12295
12318
12327
12327
12341
12349
12351
12355
12355
12356
12371
12387
12400
12400
12400
12414
12432
12443
12447
12447
12447
12447
12453
12457
12465
12469
12477
12513
12547
12559
12559
12559
12559
12559
12561
12565
12565
12571
12575
12575
12575
12585
12589
12589
12589
12605
12623
12627
12633
12637
12637
12637
12641
12645
12645
12645
12653
12657
12659
12663
12663
12663
12663
12663
12663
12663
12663
12663
12663
12663
12663
12663
12672
12682
12686
12686
12687
12687
12687
12687
12687
12687
12687
12687
12687
12687
12687
12687
12687
12687
12687
12687
12687
12696
12700
12700
12700
12700
12700
12700
12703
12707
12707
12707
12707
12707
12707
12707
12707
12707
12707
12707
12707
12707
12707
12707
12707
12711
12711
12711
12711
12711
12711
12711
12711
12711
12711
12711
12711
12711
12711
12711
12711
12711
12711
12711
12711
12711
12711
12711
12711
12711
12711
12711
12711
12711
12711
12711
12711
12711
12711
12711
12711
12711
12711
12711
12711
12711
12711
12711
12711
12711
12711
12711
12711
12711
12711
12711
12711
12711
12711
12711
12711
12711
12711
12711
12711
12711
12711
