0
0
0
0
0
0
0
6
10
10
25
46
69
95
105
110
120
124
125
125
134
165
173
179
194
232
299
347
365
387
416
452
490
552
617
684
705
733
777
805
821
894
929
967
1043
1069
1115
1162
1181
1214
1286
1397
1494
1554
1601
1680
1738
1793
1845
1893
1944
2018
2091
2152
2215
2285
2420
2466
2498
2636
2778
2883
2977
3053
3138
3283
3361
3417
3460
3527
3629
3784
3857
3911
3976
4030
4109
4181
4231
4282
4391
4545
4662
4823
5047
5178
5282
5448
5573
5675
5722
5765
5808
5927
6049
6210
6433
6705
7063
7234
7292
7371
7455
7560
7761
7969
8211
8422
8626
8788
9028
9320
9491
9614
9702
9738
9790
9868
9944
10091
10228
10314
10430
10500
10560
10648
10783
10892
10945
10965
10984
11016
11087
11164
11240
11289
11329
11405
11503
11555
11586
11605
11615
11653
11703
11783
11876
11921
11991
12125
12228
12322
12415
12491
12548
12582
12631
12694
12766
12836
12915
13032
13094
13166
13288
13378
13455
13502
13551
13611
13666
13685
13691
13715
13743
13787
13834
13846
13847
13860
13887
13896
13903
13945
13968
13996
14020
14029
14039
14068
14118
14148
14180
14225
14262
14286
14321
14381
14437
14460
14477
14509
14540
14563
14592
14640
14695
14712
14748
14790
14849
14870
14870
14881
14925
14983
15000
15000
15019
15041
15051
15056
15071
15079
15079
15096
15124
15154
15176
15190
15195
15210
15253
15270
15276
15287
15317
15352
15379
15397
15401
15406
15410
15412
15414
15418
15421
15444
15476
15502
15514
15514
15514
15514
15514
15520
15524
15524
15528
15528
15528
15528
15528
15528
15528
15531
15535
15535
15535
15539
15539
15539
15539
15543
15553
15557
15557
15566
15570
15573
15577
15577
15577
15577
15577
15577
15577
15577
15577
15577
15577
15577
15577
15586
15600
15606
15609
15613
15613
15613
15613
15613
15613
15613
15613
15613
15613
15613
15613
15613
15613
15613
15613
15614
15614
15614
15614
15614
15614
15614
15615
15619
15619
15619
15619
15619
15619
15619
15619
15619
15619
15619
15619
15619
15619
15619
15619
15627
15631
15631
15631
15631
15631
15631
15631
15631
15631
15631
15631
15631
15631
15631
15631
15631
15631
15631
15631
15631
15631
15631
15631
15631
15631
15631
15631
15631
15631
15631
15631
15631
15631
15631
15631
15631
15631
15631
15631
15631
15631
15631
15631
15631
15631
15631
15631
15631
15631
15631
15631
15631
15631
15631
15631
15631
15631
15631
15631
15631
15631
