0
0
0
0
0
0
0
0
4
8
8
10
11
25
46
84
110
126
130
133
133
138
165
173
181
198
206
242
306
369
399
428
468
509
579
647
718
740
756
813
869
886
904
918
958
1031
1066
1096
1194
1271
1307
1342
1401
1479
1578
1656
1742
1861
1923
1995
2066
2148
2251
2411
2542
2612
2651
2706
2759
2787
2845
2912
2984
3077
3158
3223
3313
3351
3379
3412
3470
3570
3748
3872
3981
4134
4217
4289
4363
4465
4536
4596
4698
4893
5085
5336
5553
5695
5812
5933
6078
6151
6237
6338
6482
6652
6760
6831
6932
6986
7010
7039
7084
7134
7206
7283
7345
7426
7532
7676
7771
7882
7993
8129
8254
8320
8362
8379
8423
8552
8738
8832
8921
9035
9159
9330
9452
9523
9615
9671
9725
9772
9812
9877
9952
10018
10084
10150
10218
10273
10304
10314
10339
10377
10397
10444
10512
10557
10620
10724
10883
10986
11075
11127
11138
11158
11194
11221
11259
11303
11363
11422
11466
11489
11558
11653
11697
11721
11727
11744
11791
11823
11834
11857
11909
11921
11930
11935
11935
11938
11958
12015
12032
12044
12075
12093
12124
12178
12252
12326
12369
12450
12527
12558
12587
12620
12642
12663
12692
12730
12767
12792
12867
12906
12921
12938
12948
12964
12972
12990
13002
13024
13044
13062
13066
13072
13108
13138
13142
13148
13183
13206
13226
13249
13276
13288
13290
13318
13326
13333
13337
13337
13341
13361
13380
13388
13394
13405
13435
13471
13499
13508
13508
13508
13508
13512
13516
13519
13529
13533
13535
13559
13581
13589
13589
13589
13589
13589
13589
13589
13589
13589
13589
13589
13589
13589
13593
13593
13593
13593
13599
13603
13603
13609
13613
13613
13613
13613
13617
13617
13617
13621
13625
13625
13629
13633
13633
13633
13633
13633
13633
13633
13633
13633
13633
13633
13633
13633
13633
13633
13633
13633
13639
13643
13643
13643
13643
13643
13643
13643
13643
13643
13643
13643
13643
13643
13643
13643
13643
13643
13643
13643
13643
13649
13653
13653
13653
13653
13653
13653
13653
13657
13661
13661
13661
13661
13661
13661
13661
13661
13661
13661
13661
13661
13661
13661
13661
13661
13661
13661
13661
13664
13668
13668
13668
13668
13668
13668
13668
13668
13668
13668
13668
13668
13668
13668
13668
13668
13668
13668
13668
13668
13668
13668
13668
13668
13668
13668
13668
13668
13668
13668
13668
13668
13668
13668
13668
13668
13668
13668
13668
13668
13668
13668
13668
13668
13668
13668
13668
13668
13668
13668
13668
13668
13668
13668
13668
13668
13668
13668
13668
13668
13668
13668
13668
13668
13668
13668
13668
13668
13668
13668
13668
13668
13668
13668
