0
0
0
0
0
0
0
0
0
0
6
34
60
81
125
170
199
219
253
283
308
351
435
495
562
622
652
696
723
741
765
808
856
920
981
1031
1092
1157
1222
1296
1385
1487
1614
1760
1835
1885
2004
2139
2319
2474
2640
2716
2768
2855
2909
2943
2981
3050
3113
3165
3219
3256
3356
3461
3587
3693
3849
3971
4127
4285
4477
4597
4689
4811
4966
5070
5179
5260
5352
5449
5498
5566
5708
5834
5939
6002
6158
6323
6402
6452
6511
6581
6707
6847
7052
7222
7361
7601
7823
8052
8266
8393
8513
8599
8681
8796
8892
9057
9251
9508
9828
10079
10217
10269
10325
10383
10467
10582
10742
10877
11026
11140
11287
11468
11610
11743
11885
12020
12141
12192
12201
12231
12357
12520
12716
12816
12960
13087
13270
13455
13648
13868
14126
14418
14730
15004
15315
15644
15950
16196
16480
16767
16954
17133
17268
17401
17578
17728
17887
18045
18241
18368
18428
18483
18553
18627
18694
18763
18849
18902
18924
18988
19075
19134
19199
19263
19343
19393
19442
19494
19619
19759
19932
20011
20038
20069
20095
20118
20128
20138
20180
20192
20206
20218
20218
20218
20233
20262
20272
20285
20302
20315
20319
20343
20380
20391
20416
20478
20562
20601
20651
20710
20789
20844
20863
20867
20894
20928
20960
21024
21099
21163
21195
21214
21218
21219
21232
21257
21293
21321
21336
21350
21372
21412
21468
21508
21543
21565
21579
21585
21599
21614
21618
21625
21629
21631
21641
21645
21645
21651
21667
21718
21735
21744
21759
21797
21834
21860
21888
21908
21928
21955
21985
22017
22039
22047
22047
22051
22065
22076
22097
22119
22133
22143
22147
22147
22149
22149
22151
22161
22165
22165
22171
22175
22175
22175
22185
22195
22205
22215
22222
22222
22222
22222
22225
22225
22225
22229
22239
22243
22243
22243
22243
22243
22243
22243
22243
22243
22243
22243
22243
22243
22243
22243
22243
22243
22243
22247
22261
22265
22265
22265
22265
22265
22265
22265
22265
22265
22265
22265
22265
22265
22265
22265
22265
22265
22265
22265
22265
22265
22265
22265
22265
22265
22265
22265
22265
22265
22265
22265
22265
22265
22265
22265
22265
22265
22265
22265
22265
22265
22265
22265
22265
22265
22265
22265
22265
22265
22265
22265
22265
22265
22265
22265
22265
22265
22265
22265
22265
22265
22265
22265
22265
22265
22265
22265
22265
22265
22265
22265
22265
22265
22265
22265
22265
22265
22265
22265
22265
22265
22265
22265
22265
22265
22265
22265
22265
22265
22265
22265
22265
22265
22265
22265
22265
22265
22265
22265
22265
22265
22265
22265
22265
22265
22265
22265
22265
22265
22265
22265
22265
22265
22265
22265
22265
22265
22265
22265
22265
22265
22265
22265
