0
0
0
0
0
0
0
0
0
21
44
70
98
133
148
162
171
185
190
226
281
305
328
365
381
411
447
484
511
552
585
633
661
713
782
875
950
1012
1057
1140
1199
1257
1331
1409
1477
1553
1628
1713
1786
1879
1965
2037
2093
2187
2232
2293
2350
2475
2601
2743
2861
2979
3031
3100
3200
3317
3444
3591
3731
3856
3937
4014
4122
4269
4372
4469
4582
4756
4883
4993
5126
5284
5374
5430
5497
5580
5636
5742
5888
6089
6273
6512
6725
6949
7146
7317
7446
7572
7696
7823
7993
8148
8290
8477
8656
8839
8920
9035
9157
9258
9355
9455
9569
9698
9805
9917
10056
10191
10280
10407
10520
10590
10634
10728
10828
10986
11119
11220
11332
11418
11486
11566
11651
11777
11910
12081
12226
12404
12563
12698
12811
12939
13027
13129
13217
13343
13435
13504
13563
13617
13659
13720
13757
13784
13880
14032
14126
14244
14328
14397
14462
14558
14656
14759
14823
14873
14929
15021
15077
15170
15285
15400
15459
15497
15532
15570
15639
15709
15757
15799
15838
15908
15963
16008
16043
16100
16117
16131
16163
16199
16221
16251
16288
16329
16364
16444
16489
16507
16548
16596
16613
16630
16658
16695
16732
16769
16799
16815
16837
16876
16919
16975
17010
17055
17114
17174
17191
17201
17235
17304
17349
17377
17404
17446
17474
17494
17523
17566
17578
17601
17623
17638
17646
17646
17651
17668
17695
17709
17713
17713
17731
17753
17771
17785
17789
17793
17807
17821
17825
17825
17828
17850
17872
17896
17926
17954
17962
17962
17967
17981
17985
17996
18000
18000
18007
18011
18011
18011
18020
18034
18038
18049
18063
18077
18081
18081
18081
18081
18088
18102
18106
18119
18123
18123
18123
18123
18123
18123
18123
18123
18123
18123
18123
18123
18129
18143
18148
18148
18148
18148
18148
18148
18148
18148
18148
18148
18148
18148
18148
18148
18153
18167
18171
18171
18171
18171
18171
18174
18178
18178
18178
18178
18178
18178
18178
18178
18178
18178
18178
18178
18178
18178
18178
18178
18178
18178
18178
18178
18178
18178
18178
18178
18178
18178
18178
18178
18178
18178
18178
18178
18178
18178
18178
18178
18178
18178
18178
18178
18178
18178
18178
18178
18178
18178
18178
18178
18178
18178
18178
18178
18178
18178
18178
18178
18178
18178
18178
18178
18178
18178
18178
18178
18178
18178
18178
18178
