0
0
0
0
0
0
0
2
6
6
12
27
36
51
56
72
87
91
97
101
103
123
180
226
240
240
241
261
280
297
301
314
335
374
443
514
567
604
638
674
710
775
824
863
953
1060
1122
1217
1332
1384
1395
1452
1525
1578
1627
1689
1800
1855
1884
1905
1969
2034
2125
2219
2298
2356
2456
2557
2594
2635
2691
2811
2912
2970
3037
3157
3217
3275
3361
3501
3597
3671
3749
3802
3867
3925
3958
4013
4073
4139
4250
4391
4500
4624
4825
5001
5118
5267
5379
5490
5657
5798
5916
6059
6174
6316
6447
6511
6562
6591
6661
6719
6803
6899
6952
7014
7091
7152
7227
7368
7479
7556
7659
7747
7835
7920
7977
8064
8256
8409
8461
8511
8542
8624
8727
8826
8923
8970
9008
9035
9073
9131
9219
9291
9342
9408
9490
9572
9652
9676
9680
9692
9730
9769
9858
9903
9936
9990
10054
10134
10192
10250
10289
10316
10357
10405
10459
10504
10557
10614
10676
10741
10864
11011
11123
11206
11255
11286
11322
11347
11362
11381
11427
11457
11498
11528
11536
11540
11561
11589
11598
11611
11627
11639
11644
11653
11661
11668
11680
11732
11767
11778
11800
11837
11865
11891
11940
11957
11975
11995
12046
12112
12144
12175
12212
12224
12224
12232
12249
12290
12319
12323
12324
12331
12348
12398
12415
12416
12455
12491
12509
12519
12541
12553
12556
12584
12592
12598
12602
12602
12606
12616
12623
12623
12623
12623
12635
12669
12707
12738
12747
12747
12751
12755
12755
12755
12755
12755
12761
12773
12781
12790
12797
12797
12797
12797
12797
12803
12807
12807
12811
12811
12811
12812
12816
12816
12816
12816
12820
12820
12824
12828
12828
12828
12828
12828
12828
12828
12835
12839
12839
12842
12842
12842
12842
12842
12842
12842
12842
12842
12842
12842
12842
12842
12842
12842
12844
12844
12847
12851
12855
12855
12855
12855
12855
12855
12855
12855
12855
12855
12855
12855
12855
12855
12855
12855
12855
12855
12859
12859
12859
12859
12859
12859
12859
12859
12861
12861
12861
12861
12861
12861
12861
12861
12861
12861
12861
12861
12861
12861
12861
12861
12861
12861
12861
12862
12866
12866
12866
12866
12866
12866
12866
12866
12866
12866
12866
12866
12866
12866
12866
12866
12866
12866
12866
12866
12866
12866
12866
12866
12866
12866
12866
12866
12866
12866
12866
12866
12866
12866
12866
12866
12866
12866
12866
12866
12866
12866
12866
12866
12866
12866
12866
12866
12866
12866
12866
12866
12866
12866
12866
12866
12866
12866
12866
12866
12866
12866
12866
12866
12866
12866
12866
12866
12866
12866
12866
12866
12866
12866
