46056
52587
40065
45970
49202
34242
50303
45059
33097
53490
47095
34727
33988
27247
35765
28055
27666
33295
25632
26331
25253
28552
32596
29372
28096
27635
25189
24672
31331
26254
30195
26702
24435
22152
28299
27822
30676
26775
26640
31653
30916
30837
27987
27450
28547
26265
24011
23829
29314
25461
26995
24148
20234
24323
40193
32891
29382
29228
30426
22553
27712
23601
24585
20931
36976
30830
27094
28675
29848
32333
29862
22347
26898
29866
25253
27420
21270
26511
27199
36175
44105
30664
22985
24059
17676
24626
23435
58204
50824
23515
73055
27176
22809
32549
69372
28316
29362
23122
204421
406451
