8.528888888888888
9.738333333333333
7.419444444444444
8.512962962962963
9.111481481481482
6.341111111111111
9.31537037037037
8.344259259259259
6.129074074074074
9.905555555555555
8.721296296296297
6.4309259259259255
6.294074074074074
5.045740740740741
6.6231481481481485
5.19537037037037
5.123333333333333
6.16574074074074
4.746666666666667
4.876111111111111
4.676481481481481
5.287407407407407
6.036296296296296
5.439259259259259
5.202962962962963
5.117592592592593
4.66462962962963
4.568888888888889
5.802037037037037
4.861851851851852
5.591666666666667
4.944814814814815
4.525
4.102222222222222
5.240555555555556
5.152222222222222
5.680740740740741
4.958333333333333
4.933333333333334
5.861666666666666
5.725185185185185
5.710555555555556
5.182777777777778
5.083333333333333
5.286481481481482
4.863888888888889
4.446481481481482
4.4127777777777775
5.428518518518518
4.715
4.999074074074074
4.471851851851852
3.747037037037037
4.50425925925926
7.443148148148148
6.090925925925926
5.441111111111111
5.412592592592593
5.634444444444444
4.176481481481481
5.131851851851851
4.370555555555556
4.552777777777778
3.8761111111111113
6.847407407407408
5.70925925925926
5.017407407407408
5.310185185185185
5.5274074074074075
5.987592592592593
5.53
4.138333333333334
4.981111111111111
5.5307407407407405
4.676481481481481
5.0777777777777775
3.938888888888889
4.9094444444444445
5.036851851851852
6.699074074074074
8.167592592592593
5.678518518518518
4.256481481481481
4.45537037037037
3.2733333333333334
4.560370370370371
4.339814814814815
10.778518518518519
9.411851851851852
4.354629629629629
13.528703703703703
5.032592592592593
4.223888888888889
6.027592592592592
12.846666666666666
5.243703703703703
5.437407407407408
4.281851851851852
37.85574074074074
75.26870370370371
