-31287.0
-39114.0
-27493.0
-32617.0
-35460.0
-21728.0
-35409.0
-29659.0
-21895.0
-38738.0
-32250.0
-22680.0
-23163.0
-16865.0
-22995.0
-16847.0
-16945.0
-20907.0
-14731.0
-15855.0
-14874.0
-17250.0
-18953.0
-18217.0
-16839.0
-15902.0
-14853.0
-14471.0
-19153.0
-15435.0
-19034.0
-15498.0
-14511.0
-12318.0
-16832.0
-14846.0
-18308.0
-16212.0
-16364.0
-18948.0
-19921.0
-20076.0
-17404.0
-16609.0
-17561.0
-15615.0
-13098.0
-13841.0
-18555.0
-15047.0
-15760.0
-14716.0
-11176.0
-13301.0
-25735.0
-20484.0
-16662.0
-17624.0
-18562.0
-12502.0
-14825.0
-12589.0
-13999.0
-11820.0
-23247.0
-19216.0
-16546.0
-18101.0
-18908.0
-21131.0
-18242.0
-13185.0
-15972.0
-18463.0
-15527.0
-17200.0
-11942.0
-16580.0
-16783.0
-25001.0
-28982.0
-20358.0
-13577.0
-13389.0
-7759.0
-12875.0
-11807.0
-42737.0
-36558.0
-13374.0
-57908.0
-16366.0
-13068.0
-21120.0
-51828.0
-19342.0
-18081.0
-13225.0
-154679.0
-378454.0
