-44119.0
-34833.0
-35574.0
-24941.0
-33493.0
-25502.0
-21927.0
-21005.0
-25049.0
-24906.0
-24683.0
-21077.0
-19985.0
-26002.0
-21376.0
-21994.0
-22395.0
-18274.0
-21966.0
-20805.0
-19732.0
-15824.0
-21264.0
-17663.0
-17959.0
-15878.0
-19897.0
-18662.0
-18753.0
-14941.0
-17320.0
-19111.0
-16229.0
-16027.0
-18771.0
-15826.0
-15992.0
-15682.0
-15836.0
-18118.0
-13579.0
-15728.0
-12570.0
-17328.0
-15419.0
-14843.0
-20972.0
-14650.0
-13634.0
-12569.0
-13754.0
-10792.0
-14205.0
-13977.0
-13993.0
-11977.0
-14080.0
-9830.0
-13132.0
-12038.0
-11797.0
-11376.0
-13689.0
-10622.0
-9958.0
-12437.0
-11109.0
-12867.0
-10574.0
-11547.0
-11646.0
-13639.0
-8481.0
-8233.0
-13471.0
-15523.0
-13181.0
-8097.0
-10595.0
-12376.0
-10997.0
-13387.0
-9654.0
-12066.0
-9825.0
-8239.0
-9812.0
-14441.0
-12363.0
-8606.0
-9525.0
-9508.0
-13485.0
-14866.0
-8783.0
-9231.0
-13227.0
-40756.0
-19595.0
-36393.0
