11.668333333333333
8.947407407407407
9.383888888888889
7.127222222222223
8.653518518518519
7.228888888888889
6.232592592592592
6.07462962962963
6.979074074074074
6.843518518518518
6.715
6.037222222222222
5.725185185185185
7.107777777777778
6.154259259259259
6.380740740740741
6.483333333333333
5.356296296296296
6.169444444444444
6.1285185185185185
5.612222222222222
4.956666666666667
6.427777777777778
5.358888888888889
5.399814814814815
4.906851851851852
5.707962962962963
5.509814814814815
5.5777777777777775
4.683333333333334
5.216666666666667
5.461111111111111
5.161481481481482
4.981481481481482
5.84462962962963
5.27
5.167777777777777
4.892222222222222
4.796296296296297
6.0018518518518515
4.440555555555555
4.902592592592592
4.168148148148148
5.216296296296297
4.761111111111111
4.78537037037037
6.222037037037037
4.715
4.5001851851851855
4.237777777777778
4.444629629629629
3.781111111111111
4.592407407407407
4.743703703703703
5.0905555555555555
4.037962962962963
5.013703703703704
3.7344444444444442
4.511296296296297
4.072962962962963
4.237777777777778
3.999814814814815
4.423333333333333
3.733888888888889
3.5185185185185186
4.071481481481482
3.838888888888889
4.16962962962963
3.5814814814814815
3.944074074074074
4.201481481481482
4.277592592592592
3.227037037037037
3.270925925925926
4.439259259259259
4.8896296296296295
4.378148148148148
3.0481481481481483
3.6283333333333334
4.053888888888889
4.032407407407407
4.163703703703704
3.3964814814814814
3.9409259259259257
3.5987037037037037
3.3724074074074073
3.9207407407407406
4.577407407407407
4.178333333333334
3.262962962962963
3.574074074074074
3.5281481481481483
4.407407407407407
4.8187037037037035
3.393148148148148
3.408703703703704
4.439259259259259
10.796481481481482
6.456296296296296
9.148333333333333
