63009
48316
50673
38487
46729
39036
33656
32803
37687
36955
36261
32601
30916
38382
33233
34456
35010
28924
33315
33094
30306
26766
34710
28938
29159
26497
30823
29753
30120
25290
28170
29490
27872
26900
31561
28458
27906
26418
25900
32410
23979
26474
22508
28168
25710
25841
33599
25461
24301
22884
24001
20418
24799
25616
27489
21805
27074
20166
24361
21994
22884
21599
23886
20163
19000
21986
20730
22516
19340
21298
22688
23099
17426
17663
23972
26404
23642
16460
19593
21891
21775
22484
18341
21281
19433
18211
21172
24718
22563
17620
19300
19052
23800
26021
18323
18407
23972
58301
34864
49401
