11.668333333333333
9.026851851851852
9.345925925925926
6.968518518518518
9.020740740740742
6.3244444444444445
6.782592592592593
5.677962962962963
7.022592592592592
7.053148148148148
5.963703703703704
5.914074074074074
4.831111111111111
5.997962962962963
6.338518518518518
6.027777777777778
5.9998148148148145
5.092777777777778
6.212962962962963
5.76
4.776296296296296
6.012777777777778
6.649444444444445
4.840925925925926
5.232592592592592
5.0542592592592595
5.404259259259259
5.3368518518518515
5.200185185185185
4.645370370370371
5.315555555555555
5.012962962962963
4.921296296296297
5.366666666666666
5.1177777777777775
4.66074074074074
5.307592592592592
4.103518518518518
4.253888888888889
5.403148148148148
4.529444444444445
3.9503703703703703
4.338703703703704
4.587777777777778
4.808518518518518
4.029814814814815
3.4303703703703703
4.581111111111111
4.482592592592592
4.285
4.418148148148148
3.6262962962962964
4.55
4.102407407407408
3.952777777777778
3.9225925925925926
4.442962962962963
3.8116666666666665
3.982222222222222
4.740925925925926
4.440925925925926
4.0
3.954074074074074
3.5009259259259258
3.5992592592592594
4.034814814814815
3.515185185185185
3.7153703703703704
3.543148148148148
3.4855555555555555
3.609259259259259
3.8124074074074072
3.545
4.048703703703704
3.3783333333333334
3.1846296296296295
3.4677777777777776
3.6014814814814815
3.879259259259259
3.2490740740740742
3.4214814814814813
3.0277777777777777
3.408148148148148
3.201111111111111
2.8737037037037036
3.4605555555555556
3.283333333333333
3.7385185185185184
3.1364814814814816
2.9431481481481483
3.2490740740740742
3.582222222222222
3.5703703703703704
3.169074074074074
2.9318518518518517
2.750185185185185
3.1312962962962962
2.9624074074074076
3.006111111111111
2.805925925925926
