-44119.0
-35523.0
-35301.0
-24380.0
-35208.0
-21682.0
-24169.0
-19371.0
-25276.0
-25652.0
-20942.0
-19534.0
-16159.0
-20508.0
-21766.0
-20750.0
-20191.0
-17057.0
-21998.0
-20081.0
-15522.0
-20651.0
-20522.0
-15152.0
-18062.0
-16298.0
-17920.0
-17727.0
-17379.0
-14804.0
-17980.0
-16252.0
-15752.0
-17700.0
-16503.0
-13633.0
-15834.0
-12694.0
-12888.0
-16696.0
-14535.0
-11653.0
-12506.0
-14693.0
-15354.0
-11454.0
-9604.0
-14454.0
-13523.0
-12658.0
-13230.0
-10489.0
-14333.0
-12047.0
-10354.0
-11094.0
-12192.0
-10686.0
-11335.0
-15012.0
-11966.0
-11014.0
-11542.0
-10052.0
-10507.0
-11301.0
-10007.0
-11027.0
-9334.0
-9419.0
-9751.0
-10889.0
-9844.0
-11881.0
-9055.0
-8548.0
-9751.0
-10934.0
-10667.0
-8796.0
-8338.0
-7674.0
-9573.0
-8235.0
-7086.0
-7919.0
-7225.0
-10546.0
-7462.0
-7808.0
-8182.0
-8763.0
-9958.0
-7096.0
-6956.0
-6768.0
-7454.0
-7300.0
-6065.0
-7121.0
