63009
48745
50468
37630
48712
34152
36626
30661
37922
38087
32204
31936
26088
32389
34228
32550
32399
27501
33550
31104
25792
32469
35907
26141
28256
27293
29183
28819
28081
25085
28704
27070
26575
28980
27636
25168
28661
22159
22971
29177
24459
21332
23429
24774
25966
21761
18524
24738
24206
23139
23858
19582
24570
22153
21345
21182
23992
20583
21504
25601
23981
21600
21352
18905
19436
21788
18982
20063
19133
18822
19490
20587
19143
21863
18243
17197
18726
19448
20948
17545
18476
16350
18404
17286
15518
18687
17730
20188
16937
15893
17545
19344
19280
17113
15832
14851
16909
15997
16233
15152
