0
0
0
0
0
0
0
0
11
26
49
130
190
258
357
416
469
581
755
958
1158
1275
1445
1601
1846
2186
2550
3067
3441
3939
4553
5406
6294
7001
7745
8739
9425
10294
11788
13393
14602
16129
18310
20798
23062
25231
27492
30121
31997
34604
37129
40358
44360
49073
54407
59849
65419
70885
76442
81872
86647
91742
97874
104518
111202
118140
125110
131813
138784
146047
152596
157216
163729
170240
176840
183623
190537
197588
204836
212900
218857
225087
231733
241969
253369
261834
270386
282188
292979
303299
313347
322851
332079
341250
351025
361646
369729
381027
388499
395724
405252
414635
421137
430148
438579
446555
454481
462698
471224
479322
487565
493420
499312
508019
517084
526406
536562
543741
554176
565277
573248
581130
588936
600183
611910
623768
634471
644527
654357
661564
671769
681963
692111
702188
711976
721370
730184
738752
747566
757063
766726
776672
786652
797156
808350
820157
832608
844982
856621
867379
877853
885190
895496
905020
914076
922904
931422
939844
948192
954143
962561
968764
974873
983686
989829
998427
1007278
1016231
1025692
1032093
1041279
1050816
1060530
1070909
1082123
1093700
1105335
1117049
1128686
1140007
1147921
1158862
1169769
1180674
1190960
1201206
1211516
1221425
1231279
1240682
1249972
1258551
1266936
1275867
1284730
1291268
1297889
1304572
1314586
1324994
1335722
1345819
1352817
1362628
1372338
1382051
1391646
1401094
1410005
1418346
1426260
1433955
1439239
1444667
1452314
1460248
1468353
1474002
1479524
1487414
1495634
1503703
1509283
1516991
1524579
1531839
1539227
1544671
1552122
1559604
1564736
1572058
1579509
1586576
1593904
1601489
1608961
1614038
1621439
1628796
1636059
1642796
1649481
1655885
1662313
1666745
1671192
1677600
1684197
1690697
1696663
1702249
1706177
1711860
1717112
1722386
1727254
1731466
1735010
1738697
1742644
1746844
1751830
1757041
1762033
1767332
1772798
1777094
1781544
1788162
1793954
1797587
1802564
1807826
1811439
1816196
1821050
1825846
1830855
1834699
1839651
1844333
1847658
1851143
1854791
1859735
1864471
1867824
1871165
1875688
1880089
1884295
1888720
1893111
1897291
1899980
1903961
1907631
1911101
1914856
1918501
1921934
1925596
1929510
1933152
1936722
1939993
1943001
1945041
1947841
1951135
1954241
1956469
1958676
1961688
1964318
1965913
1968391
1970789
1972434
1974839
1976888
1978467
1980006
1981312
1982518
1983969
1985138
1986023
1987217
1988913
1990026
1991072
1992387
1993415
1994470
1995405
1996127
1996673
1997105
1997439
1997776
1998156
1998513
1998827
1999110
1999257
1999309
1999339
1999369
1999392
1999396
1999396
1999396
1999396
1999396
1999396
1999396
1999396
1999396
1999396
1999396
1999396
1999396
1999396
1999396
1999396
1999396
1999396
1999396
1999396
1999396
1999396
1999396
1999396
1999396
1999396
1999396
1999396
1999396
1999396
1999396
1999396
1999396
1999396
1999396
1999396
1999396
1999396
1999396
1999396
1999396
1999396
1999396
1999396
1999396
1999396
1999396
1999396
1999396
1999396
1999396
1999396
1999396
1999396
1999396
1999396
1999396
1999396
1999396
1999396
1999396
1999396
1999396
1999396
1999396
1999396
1999396
1999396
1999396
1999396
1999396
1999396
1999396
1999396
1999396
1999396
1999396
1999396
1999396
1999396
1999396
1999396
1999396
