0
0
0
0
0
0
5
30
77
135
164
203
275
325
407
579
815
1003
1097
1326
1587
1786
2021
2348
2778
3100
3530
3812
4314
4940
5654
6577
7662
8551
9469
10229
11139
12504
13587
14985
16425
18191
19919
21549
23482
25395
26986
28731
31360
34418
37524
40587
43545
47092
51329
56177
61225
66723
72682
78943
85775
93305
98430
105446
112411
119524
126875
134593
142042
149319
157011
162689
171285
180620
190335
200120
209780
219372
229352
236388
245919
255302
264792
274150
283091
292358
302193
312615
323215
334393
345486
357194
369162
381671
393921
406038
417529
425031
435208
444945
454685
464581
474481
483610
493013
502404
512447
522290
532564
543397
554684
565931
573969
581945
593529
605548
617193
624898
635815
647252
658148
666073
676920
687860
698745
709662
721017
732155
743235
754839
767159
780090
789545
802919
816128
828727
840880
852676
864569
876243
888713
901049
913212
925318
936904
949145
961497
973623
985761
997695
1010047
1022116
1033850
1045759
1057817
1069214
1080739
1091998
1103060
1113602
1124439
1135967
1146641
1157162
1167184
1177488
1188634
1200052
1208178
1216285
1227441
1238712
1250108
1261878
1274642
1287803
1296882
1309794
1323192
1337239
1350998
1360464
1369549
1381992
1394282
1406636
1418288
1428932
1438946
1448249
1457533
1466979
1477260
1487550
1498239
1508818
1519220
1529264
1538347
1546871
1554410
1560916
1565096
1570764
1576719
1583262
1590749
1598785
1607534
1616979
1627345
1638070
1649428
1661297
1673845
1686627
1700004
1709517
1722438
1735123
1747721
1760025
1772194
1784024
1795288
1806191
1817255
1829039
1840220
1851631
1863480
1875239
1887171
1899558
1911000
1918352
1928460
1938126
1947952
1955278
1965705
1976063
1986718
1997916
2006429
2018612
2030233
2038272
2045958
2056320
2065821
2072515
2081169
2088636
2093706
2100856
2107980
2113118
2120056
2126917
2134192
2141490
2149509
2158286
2168154
2175445
2182856
2193828
2205103
2216368
2228119
2240167
2252254
2264235
2275742
2287083
2298357
2308930
2320089
2328107
2339142
2350160
2360877
2370992
2377770
2384232
2393065
2401652
2410115
2417940
2424859
2431807
2438803
2445865
2452900
2459360
2466153
2472426
2478479
2485061
2491694
2499071
2507282
2515875
2524325
2532232
2539344
2544952
2549843
2553944
2556619
2559196
2562897
2565486
2569002
2572519
2576299
2580174
2584721
2589453
2592731
2595261
2597186
2598756
2600007
2600987
2602288
2603567
2604348
2604939
2605500
2606038
2606849
2607833
2608853
2609979
2611149
2611903
2612666
2613329
2614037
2614599
2615265
2615557
2616006
2616337
2616596
2616800
2616987
2617110
2617194
2617254
2617314
2617371
2617386
2617386
2617386
2617386
2617386
2617386
2617386
2617386
2617386
2617386
2617386
2617386
2617386
2617386
2617386
2617386
2617386
2617386
2617386
2617386
2617386
2617386
2617386
2617386
2617386
2617386
2617386
2617386
2617386
2617386
2617386
2617386
2617386
2617386
2617386
2617386
2617386
2617386
2617386
2617386
2617386
2617386
2617386
2617386
2617386
2617386
2617386
2617386
2617386
2617386
2617386
2617386
2617386
2617386
2617386
2617386
2617386
