0
0
0
0
0
0
1
34
79
131
197
252
367
510
568
623
712
926
1156
1423
1752
1998
2263
2672
3308
3951
4645
5587
6652
8158
9662
11503
12621
14525
16685
18733
20526
22327
24756
27785
31618
34645
39115
44010
47837
53588
59723
66337
73316
80730
86400
94522
102417
110353
117738
125067
132143
139034
143722
150380
157455
164993
171036
180404
187338
197479
207985
218583
226498
238177
250347
262896
276147
290254
304996
315524
329983
343948
357559
371424
385643
400058
410272
424387
438924
449690
461039
476874
487709
502613
517715
531992
545586
559179
568176
580504
592852
601362
609449
617302
627838
638733
646627
657482
668435
679076
687175
698717
706807
714858
725709
737035
745120
752937
763848
775268
786767
798012
809118
819909
830902
842145
853523
861595
869627
881124
893229
901810
914103
927046
939746
952588
965213
978160
991303
1003950
1016757
1030172
1043968
1053485
1066886
1080949
1095167
1109099
1119277
1129636
1144535
1159580
1169786
1179548
1193508
1207250
1220566
1233666
1246205
1258648
1270992
1283864
1296473
1309081
1321067
1333305
1345513
1358140
1370554
1382733
1394894
1406938
1414928
1422200
1428793
1437815
1447163
1456149
1465882
1476200
1483641
1494629
1505729
1517494
1525740
1537007
1548001
1558583
1569144
1576212
1586148
1593606
1604336
1611945
1619414
1626731
1634231
1641919
1649492
1660150
1670859
1681124
1691784
1699221
1709320
1716372
1725663
1734491
1743510
1750208
1759550
1765928
1772154
1780367
1789431
1799194
1806048
1815809
1826029
1836822
1848024
1856227
1867765
1875504
1882701
1892160
1901730
1908259
1914546
1920728
1926837
1935485
1944540
1953886
1960587
1969985
1979197
1988045
1996761
2002507
2009816
2014531
2020134
2023170
2025627
2028668
2031487
2034050
2035952
2038707
2040237
2042188
2044124
2045295
2046407
2047252
2048585
2050081
2050833
2051915
2053667
2054701
2055415
2056371
2057343
2058658
2060976
2063430
2065631
2069215
2071823
2074417
2078447
2083122
2086501
2091250
2096396
2100549
2106486
2111982
2117512
2121512
2125644
2131680
2137389
2141613
2147528
2151060
2155421
2159620
2161777
2163410
2164679
2166432
2167966
2170110
2171207
2172056
2172789
2173701
2174867
2175984
2176964
2178121
2179626
2181194
2183976
2186740
2189033
2191868
2196111
2200363
2204778
2208833
2213305
2215855
2219053
2222266
2224021
2226314
2228169
2230359
2233672
2235658
2238654
2240968
2244435
2247927
2251445
2254542
2256927
2260875
2265634
2270569
2273519
2277781
2281179
2286517
2292123
2295918
2299636
2303055
2306105
2308911
2312867
2315793
2318701
2322626
2325793
2328042
2331369
2333232
2334714
2335957
2337050
2338577
2340282
2342164
2344008
2346198
2349990
2353856
2356707
2360714
2364265
2367921
2370127
2373109
2376093
2378197
2380517
2383144
2386864
2389091
2391076
2393296
2395103
2397357
2399181
2400475
2402410
2403382
2404664
2405903
2407314
2409239
2410993
2412771
2413981
2415056
2415547
2416260
2417083
2417397
2417601
2418027
2418631
2418877
2419155
2419540
2420129
2420249
2420362
2420646
2420956
2421235
2421238
2421238
2421238
2421238
2421238
2421238
2421238
2421238
2421238
2421238
2421238
2421238
2421238
2421238
2421238
2421238
2421238
2421238
2421238
2421238
2421238
2421238
2421238
2421238
2421238
2421238
2421238
2421238
