0
0
0
0
0
0
1
18
59
83
134
216
307
446
629
725
837
1082
1463
1778
2069
2355
2785
3288
3710
3928
4351
4778
5216
5781
6484
7186
8150
9216
10066
11238
11755
12617
13569
15275
17222
19459
21135
23749
26519
29659
33093
35525
38177
41905
45243
48577
51023
54902
59324
62775
66565
72335
78452
82947
89735
96925
104248
111378
118403
125766
130920
136174
143886
151890
157525
166176
176011
186385
197273
204953
212605
223391
234582
242460
250418
261811
273484
285041
296807
305026
313134
321254
329346
340828
352434
364035
375716
387337
399234
407542
415773
427516
439290
447491
455706
467351
478968
490621
502435
510606
522282
534013
542206
553892
565664
577346
589239
597552
605771
617482
629152
640719
652480
660698
672339
684148
695741
707597
719302
731234
739588
751274
763209
771420
783078
795007
806716
818615
826901
835076
846751
858444
870079
881895
893524
905305
913474
925128
936770
944906
956397
967804
979221
987489
999057
1010682
1022124
1033454
1044693
1052345
1062556
1072360
1081582
1087774
1096449
1105134
1113473
1121875
1129994
1138299
1146557
1154857
1163001
1168722
1176291
1183870
1191402
1198943
1206114
1212863
1219358
1223631
1227879
1233292
1238526
1243447
1248327
1253263
1257963
1262945
1268105
1273348
1276605
1280762
1285072
1290036
1295787
1301774
1307696
1313525
1317396
1322978
1328524
1333284
1337665
1340295
1342875
1345580
1349555
1354199
1358781
1363449
1368140
1372899
1377988
1383051
1387931
1391160
1395707
1400420
1403516
1407555
1411468
1415015
1418658
1421543
1425984
1430838
1436239
1441677
1447203
1450821
1456244
1461997
1466915
1472088
1476818
1481033
1485411
1489694
1494302
1498478
1501761
1505217
1510482
1515809
1521053
1526629
1531386
1535928
1539816
1543928
1546708
1549117
1552485
1556011
1559175
1562181
1564733
1567433
1570160
1573335
1576957
1580920
1585213
1589757
1592551
1596721
1600922
1603634
1607825
1611737
1613864
1615836
1618471
1621082
1622793
1624380
1626400
1628325
1629457
1631175
1633293
1634796
1636181
1637577
1639984
1643165
1645661
1647953
1650866
1653882
1655806
1658316
1660984
1662863
1664643
1666961
1669247
1671497
1673340
1676239
1679146
1682051
1685104
1688286
1691179
1693886
1696408
1698891
1701150
1703431
1705499
1707611
1708899
1710061
1711124
1712041
1712905
1713682
1714811
1716108
1717698
1719043
1720429
1721180
1721805
1722717
1723533
1724336
1725022
1725711
1726143
1726748
1727330
1727741
1727779
1727929
1728076
1728086
1728096
1728100
1728100
1728100
1728100
1728100
1728100
1728100
1728100
1728100
1728100
1728100
1728106
1728110
1728110
1728110
1728110
1728110
1728110
1728110
1728110
1728110
1728110
1728110
1728110
1728110
1728110
1728110
1728110
1728110
1728110
1728110
1728110
1728110
1728110
1728110
1728110
1728110
1728110
1728110
1728110
1728110
1728110
1728110
1728110
1728110
1728110
1728110
1728110
1728110
1728110
1728110
1728110
1728110
1728110
1728110
1728110
1728110
1728110
1728110
1728110
1728110
1728110
1728110
1728110
1728110
1728110
1728110
1728110
1728110
1728110
1728110
1728110
1728110
1728110
1728110
1728110
1728110
1728110
1728110
1728110
1728110
1728110
1728110
1728110
1728110
1728110
1728110
1728110
1728110
1728110
1728110
1728110
1728110
1728110
1728110
1728110
1728110
1728110
1728110
1728110
1728110
1728110
1728110
