0
0
0
0
0
0
18
59
116
201
303
425
551
692
848
1041
1268
1535
1879
2325
2750
3287
3843
4554
5408
6426
7578
8722
10377
11796
13674
15366
17582
19615
21996
24560
27530
30665
33904
37042
40638
44544
48821
52864
57240
61741
66885
72094
77567
83053
88839
95094
101713
108265
115142
122036
129742
137700
145722
153490
161578
170059
179048
187727
196880
206419
216341
226582
237650
249061
260802
272432
284398
296280
308587
321281
334526
347789
361424
375187
389154
402841
416285
429054
441985
454393
467009
479787
492868
505657
518511
531554
544707
557021
569357
582266
595323
607583
619886
632099
644390
656379
668456
680411
692419
703893
715584
726682
737745
748833
760089
771023
782266
793366
804457
815311
826112
836196
846525
857030
868203
879239
890593
902457
915189
927598
939917
952315
965013
977432
990082
1002985
1016610
1029721
1043087
1056772
1070967
1085048
1099508
1113797
1128434
1142670
1156909
1170626
1184505
1197850
1211302
1224497
1237660
1250413
1262962
1275326
1287410
1298669
1310215
1321764
1333428
1345175
1356676
1367633
1378880
1389958
1401103
1411759
1422452
1433147
1444056
1454103
1464242
1474054
1483930
1493606
1503536
1513426
1523915
1534040
1544756
1555787
1567449
1579314
1591290
1603685
1616196
1628247
1640262
1651604
1662937
1673835
1684731
1695805
1707116
1717654
1728081
1737999
1748822
1760301
1771734
1782992
1794641
1806527
1818622
1830249
1842105
1853559
1865195
1876620
1887744
1898525
1909940
1921227
1932597
1944017
1955991
1967735
1979497
1991456
2003408
2015161
2027278
2039597
2052239
2064473
2076722
2088339
2100154
2112006
2123861
2135350
2147198
2158856
2170417
2181317
2192213
2202553
2213114
2223633
2234494
2244990
2256075
2266609
2277603
2288947
2300767
2312546
2324742
2336670
2348313
2359850
2371113
2381800
2392398
2402317
2412325
2422626
2433114
2443706
2454359
2464803
2475434
2486009
2497085
2508141
2519305
2530245
2541399
2552154
2563124
2574400
2585970
2597738
2609815
2621555
2633616
2645310
2656998
2668246
2679617
2690246
2701014
2711988
2722832
2733560
2744859
2756335
2768592
2781158
2794155
2807228
2821047
2835254
2849993
2864937
2880251
2895466
2910692
2925591
2940272
2954647
2969365
2983730
2998040
3012355
3026765
3040380
3053768
3066888
3080298
3093611
3106914
3119863
3132611
3145503
3158305
3170455
3182805
3194737
3206882
3218611
3230262
3241404
3252435
3263232
3273935
3284357
3295358
3306837
3318598
3330245
3342357
3354912
3367642
3379223
3390838
3402500
3414148
3425095
3436136
3447073
3458214
3468973
3479876
3490952
3502839
3515551
3528579
3541223
3554227
3567054
3579772
3592200
3604632
3616563
3628852
3641238
3654077
3667137
3680602
3694158
3707584
3720045
3732437
3744960
3757765
3769942
3782367
3794389
3806379
3818293
3830502
3842381
3854333
3865810
3877244
3888100
3899024
3909488
3919846
3929827
3940087
3949962
3959776
3969321
3979243
3988759
3998264
4007652
