-44119.0
-31814.0
-37349.0
-29364.0
-28512.0
-23596.0
-22863.0
-19033.0
-26635.0
-21897.0
-21104.0
-20550.0
-16211.0
-25508.0
-25088.0
-34343.0
-20817.0
-19414.0
-26106.0
-20634.0
-16694.0
-19461.0
-26750.0
-28145.0
-20170.0
-14045.0
-15773.0
-19725.0
-17684.0
-15835.0
-21718.0
-15996.0
-17450.0
-16439.0
-12730.0
-15594.0
-15749.0
-12965.0
-13956.0
-15472.0
-19006.0
-15334.0
-17324.0
-16381.0
-15535.0
-17044.0
-9350.0
-16115.0
-13497.0
-10727.0
-14450.0
-10927.0
-15266.0
-26715.0
-8610.0
-8464.0
-21821.0
-14899.0
-11910.0
-10707.0
-10143.0
-9146.0
-9760.0
-8807.0
-16987.0
-10922.0
-9008.0
-10553.0
-12819.0
-10398.0
-12809.0
-11153.0
-6794.0
-9498.0
-8381.0
-6349.0
-7044.0
-8093.0
-11164.0
-11809.0
-9152.0
-6746.0
-12603.0
-7100.0
-9424.0
-7250.0
-15555.0
-7342.0
-8301.0
-7392.0
-8007.0
-7708.0
-5848.0
-6272.0
-10008.0
-7334.0
-7347.0
-9640.0
-8721.0
-10516.0
