11.668333333333333
8.29425925925926
9.770185185185186
7.953518518518519
7.631666666666667
6.666851851851852
6.447777777777778
5.586481481481481
7.243333333333333
6.272962962962963
6.0018518518518515
6.00037037037037
4.897962962962963
7.170555555555556
6.937962962962963
9.08148148148148
6.059259259259259
5.656296296296296
7.144444444444445
5.946296296296296
5.176111111111111
5.7935185185185185
7.7283333333333335
7.487037037037037
5.79925925925926
4.491481481481482
4.9420370370370375
5.811296296296296
5.393888888888889
4.901481481481482
6.15537037037037
5.058148148148148
5.224074074074074
4.877407407407407
4.411481481481482
5.524444444444445
4.926296296296297
4.198148148148148
4.362777777777778
5.183703703703704
5.380740740740741
4.623518518518519
5.412037037037037
4.941666666666666
4.816296296296296
5.12074074074074
3.640925925925926
4.827222222222222
4.336666666666667
3.6666666666666665
4.663333333333333
3.6259259259259258
4.701666666666667
7.505
3.508888888888889
3.136111111111111
6.713703703703704
4.455925925925926
4.019629629629629
3.852777777777778
4.071666666666666
3.3848148148148147
3.6059259259259258
3.2268518518518516
5.027777777777778
3.8925925925925924
3.3487037037037037
3.7024074074074074
4.138888888888889
3.834814814814815
4.2498148148148145
3.662037037037037
2.942222222222222
3.419814814814815
3.2
2.740740740740741
2.865740740740741
3.112222222222222
3.7825925925925925
3.9516666666666667
3.531296296296296
2.7896296296296295
4.1903703703703705
3.075925925925926
3.412777777777778
3.294259259259259
5.17037037037037
3.04037037037037
3.1729629629629628
2.835
3.188148148148148
3.0396296296296295
2.627037037037037
2.8937037037037037
3.4203703703703705
2.8270370370370372
2.9157407407407407
3.610925925925926
3.577962962962963
3.524814814814815
