63009
44789
52759
42949
41211
36001
34818
30167
39114
33874
32410
32402
26449
38721
37465
49040
32720
30544
38580
32110
27951
31285
41733
40430
31316
24254
26687
31381
29127
26468
33239
27314
28210
26338
23822
29832
26602
22670
23559
27992
29056
24967
29225
26685
26008
27652
19661
26067
23418
19800
25182
19580
25389
40527
18948
16935
36254
24062
21706
20805
21987
18278
19472
17425
27150
21020
18083
19993
22350
20708
22949
19775
15888
18467
17280
14800
15475
16806
20426
21339
19069
15064
22628
16610
18429
17789
27920
16418
17134
15309
17216
16414
14186
15626
18470
15266
15745
19499
19321
19034
