11.668333333333333
9.026851851851852
8.716111111111111
6.959444444444444
7.547592592592593
6.323703703703703
6.140370370370371
6.272592592592592
6.395
6.172777777777778
6.457222222222223
5.734629629629629
4.649074074074074
5.95
5.71037037037037
6.022407407407408
5.700925925925926
5.1594444444444445
6.04074074074074
5.833888888888889
5.190185185185185
5.0851851851851855
5.614629629629629
4.803518518518518
4.938518518518518
4.344444444444444
5.015185185185185
5.1214814814814815
5.0959259259259255
4.376111111111111
5.403333333333333
5.410555555555556
4.4688888888888885
4.253703703703704
4.604259259259259
4.791296296296296
5.3587037037037035
5.043333333333333
4.5525925925925925
5.387407407407407
4.138703703703704
3.9283333333333332
3.8555555555555556
4.337592592592593
4.739259259259259
4.288888888888889
4.3153703703703705
4.335555555555556
4.972222222222222
3.9296296296296296
4.554814814814815
3.72
4.527592592592592
4.847222222222222
5.745
4.141111111111111
4.121111111111111
3.705
4.340925925925926
4.7811111111111115
4.856111111111111
4.324259259259259
3.7327777777777778
4.0290740740740745
3.3827777777777777
4.215
4.000740740740741
3.881851851851852
3.881851851851852
4.41074074074074
3.854814814814815
4.071851851851852
3.6005555555555557
3.9787037037037036
3.8714814814814815
3.918148148148148
3.6285185185185185
3.5094444444444446
3.647037037037037
3.706111111111111
3.952962962962963
3.7511111111111113
3.8022222222222224
4.493703703703703
5.368888888888889
5.616666666666666
5.371296296296296
5.355
5.5307407407407405
5.265185185185185
5.1231481481481485
22.19240740740741
5.915925925925926
6.081851851851852
5.62462962962963
6.796666666666667
8.521296296296295
9.46351851851852
10.374629629629629
5.328703703703703
