-44119.0
-35523.0
-32536.0
-24336.0
-28386.0
-21581.0
-21251.0
-21263.0
-22581.0
-21688.0
-23428.0
-19635.0
-15421.0
-20781.0
-19365.0
-19972.0
-18364.0
-17311.0
-21783.0
-19629.0
-17187.0
-16827.0
-16589.0
-14935.0
-16031.0
-13203.0
-16219.0
-16435.0
-16719.0
-13683.0
-18221.0
-17929.0
-14120.0
-12954.0
-14809.0
-13412.0
-16272.0
-16207.0
-14217.0
-16132.0
-12525.0
-11383.0
-11079.0
-13465.0
-15134.0
-12979.0
-13029.0
-13164.0
-15773.0
-11502.0
-13232.0
-10556.0
-14019.0
-14929.0
-16853.0
-12454.0
-10811.0
-9679.0
-12359.0
-14598.0
-14052.0
-12935.0
-10847.0
-12404.0
-9429.0
-12536.0
-11814.0
-11558.0
-11757.0
-13253.0
-10990.0
-12391.0
-10222.0
-10739.0
-11766.0
-11275.0
-11046.0
-10356.0
-11006.0
-11472.0
-10483.0
-11396.0
-11712.0
-14484.0
-17911.0
-17735.0
-18183.0
-17739.0
-18868.0
-18725.0
-16965.0
-100890.0
-21800.0
-21407.0
-20184.0
-26043.0
-34515.0
-37403.0
-37995.0
-19458.0
