63009
48745
47067
37581
40757
34148
33158
33872
34533
33333
34869
30967
25105
32130
30836
32521
30785
27861
32620
31503
28027
27460
30319
25939
26668
23460
27082
27656
27518
23631
29178
29217
24132
22970
24863
25873
28937
27234
24584
29092
22349
21213
20820
23423
25592
23160
23303
23412
26850
21220
24596
20088
24449
26175
31023
22362
22254
20007
23441
25818
26223
23351
20157
21757
18267
22761
21604
20962
20962
23818
20816
21988
19443
21485
20906
21158
19594
18951
19694
20013
21346
20256
20532
24266
28992
30330
29005
28917
29866
28432
27665
119839
31946
32842
30373
36702
46015
51103
56023
28775
