63009
44335
46844
35891
40477
33255
32538
30210
34473
31345
32286
30961
25809
31012
27300
30694
28241
25730
28905
27099
23661
25535
28240
21433
23677
21062
26572
23163
25849
21933
24876
24062
21480
19039
19205
24903
23956
19878
20530
22795
19905
17596
19688
17636
22114
17526
16949
19000
18927
16900
19883
17064
16984
18386
17197
14752
19340
16223
16259
18307
15562
16062
15738
14476
15135
16707
14886
15436
13874
13841
14550
14148
13147
13788
13343
13336
12071
11626
12540
12003
14136
11000
12035
12521
12231
14045
13603
13701
13580
11158
11726
12623
11362
11384
11378
11467
12031
10799
14295
10252
