-44119.0
-31294.0
-32352.0
-23208.0
-27819.0
-21290.0
-20763.0
-18561.0
-22231.0
-20252.0
-20997.0
-19430.0
-15874.0
-19049.0
-16666.0
-19111.0
-17218.0
-15101.0
-18164.0
-15672.0
-13711.0
-14731.0
-15893.0
-11628.0
-13601.0
-11600.0
-15887.0
-13119.0
-15115.0
-11853.0
-14188.0
-13604.0
-11811.0
-9630.0
-9500.0
-12691.0
-13208.0
-10719.0
-11318.0
-11065.0
-10318.0
-8327.0
-9725.0
-8517.0
-11877.0
-8695.0
-8390.0
-9041.0
-8776.0
-8377.0
-9820.0
-7741.0
-8188.0
-8629.0
-7159.0
-5913.0
-8005.0
-7321.0
-7056.0
-8855.0
-5743.0
-6693.0
-6798.0
-6190.0
-6524.0
-7333.0
-6450.0
-7003.0
-5511.0
-5607.0
-5877.0
-5864.0
-5362.0
-5706.0
-5244.0
-4779.0
-4380.0
-4431.0
-4600.0
-4353.0
-4642.0
-4066.0
-4756.0
-4380.0
-4230.0
-5044.0
-4634.0
-4553.0
-4830.0
-3932.0
-4359.0
-4241.0
-3803.0
-3430.0
-3675.0
-3517.0
-4136.0
-2914.0
-3967.0
-3504.0
