11.668333333333333
8.210185185185185
8.674814814814814
6.646481481481482
7.49574074074074
6.158333333333333
6.025555555555556
5.594444444444444
6.3838888888888885
5.80462962962963
5.978888888888889
5.733518518518519
4.779444444444445
5.742962962962963
5.055555555555555
5.684074074074074
5.229814814814815
4.764814814814815
5.352777777777778
5.0183333333333335
4.381666666666667
4.728703703703704
5.229629629629629
3.969074074074074
4.38462962962963
3.9003703703703705
4.920740740740741
4.289444444444444
4.786851851851852
4.0616666666666665
4.6066666666666665
4.455925925925926
3.977777777777778
3.5257407407407406
3.5564814814814816
4.611666666666666
4.436296296296296
3.681111111111111
3.801851851851852
4.2212962962962965
3.686111111111111
3.2585185185185184
3.645925925925926
3.265925925925926
4.095185185185185
3.2455555555555557
3.1387037037037038
3.5185185185185186
3.505
3.1296296296296298
3.682037037037037
3.16
3.145185185185185
3.4048148148148147
3.1846296296296295
2.731851851851852
3.5814814814814815
3.004259259259259
3.010925925925926
3.390185185185185
2.881851851851852
2.9744444444444444
2.9144444444444444
2.680740740740741
2.8027777777777776
3.093888888888889
2.756666666666667
2.8585185185185185
2.569259259259259
2.563148148148148
2.6944444444444446
2.62
2.4346296296296295
2.5533333333333332
2.470925925925926
2.4696296296296296
2.2353703703703705
2.1529629629629627
2.3222222222222224
2.222777777777778
2.617777777777778
2.037037037037037
2.2287037037037036
2.3187037037037035
2.265
2.600925925925926
2.5190740740740742
2.5372222222222223
2.5148148148148146
2.0662962962962963
2.1714814814814813
2.3375925925925927
2.104074074074074
2.1081481481481483
2.107037037037037
2.1235185185185186
2.227962962962963
1.9998148148148147
2.647222222222222
1.8985185185185185
