11.668333333333333
9.42462962962963
8.735925925925926
6.851481481481481
7.55037037037037
6.7592592592592595
6.368703703703703
5.611666666666666
6.7209259259259255
5.949259259259259
5.941851851851852
6.3661111111111115
5.475740740740741
5.527777777777778
5.643148148148148
5.730740740740741
5.976296296296296
5.122222222222222
5.531851851851852
5.313888888888889
4.874074074074074
4.901481481481482
6.088888888888889
4.4275925925925925
4.915
4.267592592592592
5.123518518518519
5.118518518518519
4.664259259259259
4.391111111111111
5.0942592592592595
4.747777777777777
4.353888888888889
4.105555555555555
4.557037037037037
4.7098148148148145
4.893518518518518
4.2316666666666665
4.496666666666667
4.7374074074074075
4.014444444444444
3.803703703703704
3.727037037037037
3.9027777777777777
4.266851851851852
4.032407407407407
3.5155555555555558
3.681111111111111
3.5944444444444446
3.848148148148148
4.140740740740741
3.2892592592592593
3.6864814814814815
3.7725925925925927
3.997962962962963
3.010740740740741
3.9275925925925925
3.3981481481481484
3.3583333333333334
3.4166666666666665
3.42
3.223148148148148
3.3333333333333335
3.225740740740741
3.2124074074074076
3.805
2.973888888888889
3.0966666666666667
2.8933333333333335
2.7262962962962964
3.1083333333333334
3.1546296296296297
2.878888888888889
2.781296296296296
2.9274074074074075
2.708148148148148
2.7
2.558148148148148
2.7355555555555555
2.5616666666666665
3.356851851851852
2.568888888888889
2.813148148148148
2.673888888888889
2.5485185185185184
3.268148148148148
3.082037037037037
2.905
2.541851851851852
2.530740740740741
2.728148148148148
2.6016666666666666
2.4937037037037038
2.3759259259259258
2.5031481481481483
2.5566666666666666
2.757222222222222
2.4357407407407408
2.964259259259259
2.3287037037037037
