-44119.0
-37088.0
-32601.0
-24135.0
-28309.0
-23885.0
-22289.0
-18985.0
-23925.0
-20477.0
-20628.0
-22199.0
-19211.0
-18588.0
-18979.0
-18877.0
-20087.0
-17208.0
-18768.0
-17589.0
-15653.0
-15260.0
-20038.0
-13806.0
-15684.0
-13337.0
-16857.0
-16967.0
-14785.0
-13187.0
-16389.0
-15291.0
-12950.0
-12579.0
-13412.0
-12784.0
-15372.0
-13255.0
-13966.0
-13664.0
-11874.0
-11481.0
-10366.0
-11117.0
-12508.0
-11197.0
-9943.0
-10670.0
-10153.0
-11245.0
-11441.0
-8249.0
-10450.0
-10206.0
-9981.0
-7218.0
-10040.0
-8810.0
-9178.0
-9468.0
-8422.0
-8623.0
-8436.0
-8976.0
-8220.0
-10406.0
-7647.0
-8185.0
-6978.0
-5749.0
-7941.0
-8000.0
-6642.0
-6061.0
-7234.0
-6668.0
-6325.0
-5624.0
-5853.0
-5889.0
-7594.0
-5997.0
-5874.0
-5770.0
-5500.0
-6975.0
-6381.0
-6585.0
-5220.0
-5487.0
-6113.0
-5235.0
-5480.0
-4666.0
-5538.0
-5656.0
-5862.0
-4659.0
-5376.0
-4742.0
