63009
50893
47174
36998
40772
36500
34391
30303
36293
32126
32086
34377
29569
29850
30473
30946
32272
27660
29872
28695
26320
26468
32880
23909
26541
23045
27667
27640
25187
23712
27509
25638
23511
22170
24608
25433
26425
22851
24282
25582
21678
20540
20126
21075
23041
21775
18984
19878
19410
20780
22360
17762
19907
20372
21589
16258
21209
18350
18135
18450
18468
17405
18000
17419
17347
20547
16059
16722
15624
14722
16785
17035
15546
15019
15808
14624
14580
13814
14772
13833
18127
13872
15191
14439
13762
17648
16643
15687
13726
13666
14732
14049
13466
12830
13517
13806
14889
13153
16007
12575
