63009
46324
48614
34789
39721
34612
33334
30869
33431
32515
30466
31697
27415
31984
30306
30456
29934
27131
29715
27702
27491
25550
31097
24066
24258
21776
26978
25266
26763
22916
24873
24185
22279
22201
22213
24365
24180
20313
24978
28373
20918
18129
20957
20159
21101
20457
17660
17418
18452
18454
20884
18732
19899
19252
21971
16872
19618
17250
18602
18643
17243
19175
17751
15305
16479
18906
16971
17134
16167
16151
15632
16550
14759
16454
14089
14399
13422
15405
14586
14129
17073
12438
14443
14365
13776
14120
15091
15488
13455
13609
14158
13550
13572
13414
12557
11599
12869
14179
14889
11814
