11.668333333333333
8.578518518518518
9.002592592592592
6.442407407407408
7.355740740740741
6.40962962962963
6.172962962962963
5.716481481481481
6.190925925925926
6.021296296296296
5.641851851851852
5.869814814814815
5.076851851851852
5.922962962962963
5.612222222222222
5.64
5.543333333333333
5.024259259259259
5.502777777777778
5.13
5.090925925925926
4.731481481481482
5.758703703703704
4.456666666666667
4.492222222222222
4.032592592592593
4.995925925925926
4.678888888888889
4.956111111111111
4.243703703703703
4.606111111111111
4.478703703703704
4.125740740740741
4.111296296296296
4.113518518518519
4.512037037037037
4.477777777777778
3.7616666666666667
4.625555555555556
5.25425925925926
3.8737037037037036
3.357222222222222
3.880925925925926
3.7331481481481483
3.9075925925925925
3.7883333333333336
3.27037037037037
3.2255555555555557
3.417037037037037
3.4174074074074072
3.8674074074074074
3.468888888888889
3.685
3.565185185185185
4.0687037037037035
3.1244444444444444
3.632962962962963
3.1944444444444446
3.4448148148148148
3.4524074074074074
3.1931481481481483
3.550925925925926
3.2872222222222223
2.8342592592592593
3.0516666666666667
3.5011111111111113
3.142777777777778
3.1729629629629628
2.993888888888889
2.990925925925926
2.894814814814815
3.064814814814815
2.7331481481481483
3.047037037037037
2.609074074074074
2.6664814814814815
2.4855555555555555
2.852777777777778
2.701111111111111
2.6164814814814816
3.1616666666666666
2.3033333333333332
2.6746296296296297
2.660185185185185
2.551111111111111
2.6148148148148147
2.79462962962963
2.868148148148148
2.4916666666666667
2.520185185185185
2.6218518518518517
2.509259259259259
2.513333333333333
2.484074074074074
2.3253703703703703
2.147962962962963
2.3831481481481482
2.6257407407407407
2.757222222222222
2.187777777777778
