-44119.0
-33392.0
-34022.0
-22436.0
-27155.0
-22105.0
-21615.0
-19616.0
-21621.0
-21232.0
-19131.0
-19853.0
-17495.0
-20039.0
-19184.0
-18805.0
-18291.0
-16706.0
-18720.0
-16413.0
-16671.0
-15009.0
-18302.0
-13765.0
-14205.0
-11923.0
-16141.0
-14664.0
-16108.0
-12608.0
-15094.0
-14261.0
-11926.0
-12747.0
-11775.0
-12284.0
-13682.0
-10889.0
-15156.0
-15382.0
-11676.0
-9426.0
-10639.0
-10949.0
-11330.0
-10530.0
-8468.0
-8665.0
-9017.0
-9541.0
-10643.0
-9170.0
-10973.0
-9362.0
-10632.0
-7988.0
-9019.0
-8176.0
-9071.0
-9665.0
-6568.0
-9182.0
-7998.0
-6979.0
-7060.0
-8518.0
-7961.0
-8015.0
-6738.0
-6932.0
-7124.0
-7753.0
-6099.0
-7392.0
-6083.0
-6133.0
-5199.0
-6836.0
-6271.0
-6640.0
-7306.0
-4877.0
-6244.0
-5600.0
-5352.0
-4802.0
-5517.0
-6300.0
-5121.0
-5774.0
-5652.0
-5072.0
-5604.0
-4278.0
-4900.0
-4208.0
-4704.0
-5250.0
-5085.0
-4297.0
