0
0
0
0
0
0
0
0
0
0
0
0
3
7
7
7
7
7
7
7
7
11
15
15
15
23
40
48
48
54
58
58
61
65
65
65
65
67
71
71
71
71
71
71
71
71
76
83
83
93
97
97
101
113
121
121
121
121
121
121
121
121
121
129
139
145
145
145
157
179
183
186
198
202
202
211
215
215
215
216
223
223
239
247
251
255
262
280
284
284
284
284
284
284
284
286
291
300
304
314
323
327
327
328
328
328
328
328
328
330
334
334
334
334
334
334
344
348
353
357
357
365
369
369
369
369
378
396
400
406
410
410
418
426
426
426
429
429
431
431
431
433
444
482
528
560
568
568
568
568
568
568
568
568
568
569
573
573
573
573
573
573
573
573
576
580
580
580
580
580
581
595
610
620
627
627
627
627
627
627
637
651
664
686
704
714
725
729
729
729
729
729
738
742
749
753
753
761
775
785
789
794
812
816
818
822
822
822
822
822
822
822
822
822
822
822
822
822
822
822
822
825
825
825
825
825
833
847
851
854
854
854
854
854
854
854
854
854
862
866
866
866
866
866
866
866
866
866
866
866
866
866
866
866
867
883
901
915
921
925
926
926
926
926
926
926
926
926
926
926
926
926
926
926
926
926
926
926
926
926
926
926
931
935
935
935
935
935
935
935
935
943
947
947
947
947
947
947
947
947
947
947
947
947
947
947
947
947
947
947
947
947
947
947
947
947
947
947
947
947
947
947
947
947
947
947
947
947
947
947
947
947
947
947
947
947
947
947
947
947
947
947
947
947
947
947
947
947
947
947
947
947
947
947
947
947
947
947
947
947
947
947
947
947
947
947
947
947
947
947
947
947
947
947
947
947
947
947
947
947
947
947
947
947
947
947
947
947
947
947
947
947
947
947
947
947
947
947
947
947
947
947
947
947
947
947
947
947
947
947
947
947
947
947
947
947
947
947
947
947
947
947
947
947
947
947
