0
0
0
0
0
0
0
0
0
0
0
7
25
33
33
33
33
33
33
33
33
38
48
52
52
56
66
81
89
89
98
108
118
128
134
134
134
134
134
134
136
136
136
136
136
136
136
136
138
142
142
148
152
152
152
158
183
191
191
191
191
191
191
199
213
220
234
241
241
241
254
286
294
298
310
324
328
336
340
340
344
356
365
365
366
366
370
384
404
412
412
412
412
412
422
426
426
428
437
456
484
492
492
504
518
525
539
559
567
567
567
568
581
589
589
589
595
605
625
633
641
659
670
680
700
708
708
708
708
719
723
726
730
730
733
757
765
765
774
778
786
800
804
804
805
812
830
834
834
834
834
834
834
834
834
834
834
834
834
836
836
836
836
836
836
836
836
840
840
840
840
840
840
847
855
859
869
873
873
873
884
918
933
933
942
964
982
986
987
987
987
987
987
989
993
994
998
998
1001
1011
1015
1015
1015
1029
1047
1051
1056
1060
1060
1060
1060
1060
1060
1060
1060
1060
1060
1060
1060
1060
1060
1060
1067
1071
1071
1074
1078
1078
1081
1081
1081
1087
1091
1091
1091
1091
1091
1091
1091
1093
1097
1097
1104
1114
1118
1118
1118
1118
1118
1118
1118
1118
1118
1118
1118
1118
1118
1122
1126
1126
1130
1140
1152
1156
1156
1156
1156
1156
1156
1156
1156
1156
1156
1156
1156
1156
1156
1156
1156
1156
1156
1156
1156
1156
1156
1160
1164
1164
1164
1164
1164
1164
1164
1164
1166
1170
1170
1170
1170
1170
1170
1170
1170
1170
1170
1170
1170
1170
1170
1170
1170
1170
1170
1170
1170
1170
1170
1170
1170
1170
1170
1170
1170
1170
1170
1170
1170
1170
1170
1170
1170
1170
1170
1170
1170
1170
1170
1170
1170
1170
1170
1170
1170
1170
1170
1170
1170
1170
1170
1170
1170
1170
1170
1170
1170
1170
1170
1170
1170
1170
1170
1170
1170
1170
1170
1170
1170
1170
1170
1170
1170
1170
1170
1170
1170
1170
1170
1170
1170
1170
1170
1170
1170
1170
1170
1170
1170
1170
1170
1170
1170
1170
1170
1170
1170
1170
1170
1170
1170
1170
1170
1170
1170
1170
1170
1170
1170
1170
1170
1170
1170
1170
1170
1170
1170
1170
1170
1170
1170
1170
1170
1170
1170
1170
1170
1170
1170
1170
1170
