0
0
0
0
0
0
0
0
0
0
0
0
9
13
13
13
13
13
13
13
13
13
17
21
21
21
23
27
27
32
36
36
36
41
45
45
45
45
45
49
49
49
49
49
49
49
49
49
49
58
66
68
78
90
98
99
126
158
166
166
166
166
166
166
167
171
171
175
179
179
179
179
180
193
197
197
197
201
201
201
211
215
215
215
222
226
226
227
249
257
260
260
273
287
291
291
291
298
302
302
302
303
309
313
313
313
313
313
315
319
326
331
331
331
331
331
332
336
336
336
343
347
357
361
368
372
381
413
448
456
456
456
457
461
461
472
491
513
548
556
556
556
560
560
562
562
562
564
574
592
610
614
614
614
614
614
614
614
614
614
614
614
614
622
626
626
626
626
626
626
626
626
630
634
634
634
634
634
636
640
642
646
650
650
650
652
659
663
673
677
693
719
737
747
764
782
786
786
786
786
786
786
789
793
793
795
799
799
799
799
808
826
830
830
832
832
832
832
832
832
832
832
832
832
832
832
832
832
832
832
832
832
832
832
832
832
832
832
832
846
850
856
860
860
860
860
860
860
860
860
861
865
865
870
874
874
874
874
874
874
874
874
874
874
874
874
874
874
875
881
885
885
885
889
895
899
899
899
899
899
899
899
899
899
899
899
899
899
899
899
899
899
899
899
899
899
899
899
899
899
899
899
903
903
903
903
903
903
903
903
903
903
903
903
903
903
903
903
903
903
903
903
903
903
903
903
903
903
903
903
903
903
903
903
903
903
903
903
903
903
903
903
903
903
903
903
903
903
903
903
903
903
903
903
903
903
903
903
903
903
903
903
903
903
903
903
903
903
903
903
903
903
903
903
903
903
903
903
903
903
903
903
903
903
903
903
903
903
903
903
903
903
903
903
903
903
903
903
903
903
903
903
903
903
903
903
903
903
903
903
903
903
903
903
903
903
903
903
903
903
903
903
903
903
903
903
903
903
903
903
903
903
903
903
903
903
903
903
903
903
903
903
903
903
903
903
903
903
903
903
903
903
903
903
903
903
903
903
903
903
903
903
903
903
903
903
903
903
903
903
903
903
903
903
903
903
