0
0
0
0
0
0
0
0
0
0
0
0
13
17
17
17
17
17
17
17
17
17
17
17
17
17
17
21
31
35
35
35
38
38
38
38
38
38
38
38
38
44
58
68
72
72
72
72
72
72
72
72
72
76
83
87
87
101
115
125
129
129
129
129
131
145
149
156
160
160
160
160
171
201
233
241
258
276
290
304
314
328
338
342
342
342
342
342
342
345
355
359
368
378
388
392
392
392
392
392
392
396
405
428
447
451
455
467
477
481
494
507
514
514
514
514
514
514
514
514
514
523
533
548
556
563
581
601
639
697
756
810
852
894
936
948
948
954
958
959
981
999
1013
1026
1044
1054
1060
1060
1060
1070
1104
1153
1183
1215
1223
1223
1223
1223
1223
1223
1223
1223
1223
1223
1223
1223
1223
1223
1223
1223
1223
1223
1223
1223
1223
1223
1223
1223
1223
1223
1223
1223
1231
1240
1244
1244
1244
1244
1244
1245
1265
1274
1274
1274
1289
1314
1332
1338
1352
1356
1356
1356
1356
1356
1356
1356
1356
1356
1356
1359
1359
1359
1359
1362
1376
1380
1380
1380
1380
1380
1380
1380
1380
1380
1380
1380
1380
1380
1380
1380
1380
1380
1380
1380
1387
1401
1415
1428
1448
1468
1493
1523
1555
1589
1611
1615
1615
1615
1615
1615
1615
1615
1615
1615
1615
1615
1615
1615
1615
1615
1615
1615
1615
1615
1615
1615
1615
1615
1615
1615
1617
1621
1621
1623
1627
1637
1641
1641
1641
1641
1641
1641
1641
1641
1641
1641
1641
1641
1641
1641
1641
1641
1641
1641
1641
1641
1641
1641
1641
1641
1641
1641
1643
1647
1647
1647
1647
1647
1647
1647
1647
1647
1647
1647
1647
1647
1647
1647
1647
1647
1647
1647
1647
1647
1647
1647
1647
1647
1647
1647
1647
1647
1647
1647
1647
1647
1647
1647
1647
1647
1647
1647
1647
1647
1647
1647
1647
1647
1647
1647
1647
1647
1647
1647
1647
1647
1647
1647
1647
1647
1647
1647
1647
1647
1647
1647
1647
1647
1647
1647
1647
1647
1647
1647
1647
1647
1647
1647
1647
1647
1647
1647
1647
1647
1647
1647
1647
1647
1647
1647
1647
1647
1647
1647
1647
1647
1647
1647
1647
1647
1647
1647
1647
1647
1647
1647
1647
1647
1647
1647
1647
1647
1647
1647
1647
1647
1647
1647
1647
1647
1647
1647
1647
1647
1647
1647
1647
1647
1647
1647
1647
1647
1647
1647
1647
1647
1647
1647
1647
1647
1647
1647
1647
1647
1647
1647
1647
1647
1647
1647
1647
1647
1647
1647
1647
1647
1647
1647
1647
1647
1647
1647
1647
1647
1647
1647
1647
1647
1647
1647
1647
1647
1647
1647
1647
1647
