0
0
0
0
0
0
0
0
0
7
25
53
61
61
61
61
61
61
65
79
83
83
89
105
113
122
146
174
183
192
206
220
224
224
226
226
226
226
226
226
226
226
226
226
230
244
248
248
254
268
272
272
272
272
272
276
290
304
321
343
351
351
351
363
367
367
381
395
399
404
418
432
436
452
462
462
466
480
502
520
530
534
534
534
534
540
554
568
582
596
617
645
653
656
660
660
660
665
669
669
669
669
678
705
713
713
713
713
720
739
756
770
774
783
801
815
819
819
822
848
866
886
894
897
915
929
933
939
953
974
982
982
987
1010
1049
1081
1089
1089
1089
1089
1089
1089
1089
1089
1089
1098
1112
1126
1130
1130
1130
1130
1130
1140
1154
1168
1172
1172
1172
1179
1193
1207
1219
1233
1237
1237
1237
1244
1270
1298
1315
1335
1353
1357
1358
1358
1358
1358
1358
1365
1369
1373
1387
1401
1417
1431
1435
1435
1444
1458
1462
1469
1483
1497
1501
1501
1501
1501
1501
1501
1501
1501
1501
1501
1501
1501
1501
1501
1515
1529
1533
1533
1537
1551
1555
1555
1555
1555
1555
1555
1555
1555
1559
1563
1563
1563
1563
1563
1563
1563
1563
1563
1563
1563
1563
1576
1580
1580
1580
1580
1581
1581
1581
1581
1581
1581
1581
1581
1581
1581
1581
1581
1581
1581
1581
1581
1581
1581
1581
1581
1582
1596
1600
1600
1600
1600
1600
1600
1600
1600
1600
1600
1600
1600
1600
1600
1600
1600
1600
1600
1600
1600
1600
1600
1600
1600
1600
1600
1600
1600
1600
1600
1600
1600
1600
1600
1600
1600
1600
1600
1600
1600
1600
1600
1600
1600
1600
1600
1600
1600
1600
1600
1600
1600
1600
1600
1600
1600
1600
1600
1600
1600
1600
1600
1600
1600
1600
1600
1600
1600
1600
1600
1600
1600
1600
1600
1600
1600
1600
1600
1600
1600
1600
1600
1600
1600
1600
1600
1600
1600
1600
1600
1600
1600
1600
1600
1600
1600
1600
1600
1600
1600
1600
1600
1600
1600
1600
1600
1600
1600
1600
1600
1600
1600
1600
1600
1600
1600
1600
1600
1600
1600
1600
1600
1600
1600
