0
0
0
0
0
0
0
0
0
0
0
0
3
12
16
16
16
16
16
16
16
16
19
23
23
23
29
33
33
38
42
42
42
43
47
47
47
47
47
51
51
51
51
51
51
51
51
51
53
57
57
67
71
71
71
74
78
78
78
78
78
78
78
78
89
93
98
102
102
102
102
106
129
137
137
140
152
156
156
165
169
169
173
177
177
177
192
200
209
219
241
273
281
281
281
285
289
289
296
306
319
323
323
326
326
326
327
331
332
332
332
332
332
338
343
343
343
343
343
343
350
354
354
357
363
381
399
403
403
403
403
403
406
406
406
406
406
406
414
422
422
422
431
435
443
447
447
447
447
465
483
487
487
487
487
487
487
487
487
487
487
487
487
487
487
487
487
487
487
487
487
490
494
494
494
494
494
494
494
495
499
499
499
499
499
499
512
520
531
535
537
545
549
549
559
563
563
563
563
563
571
575
582
586
586
589
589
589
589
589
609
627
631
637
641
641
641
641
641
641
641
641
641
641
641
641
641
641
641
641
641
649
653
653
663
667
672
676
676
676
676
676
676
676
676
676
676
676
677
681
681
691
695
695
695
695
695
695
695
695
695
695
695
695
695
695
699
709
713
713
716
720
728
732
732
732
732
732
732
732
732
732
732
732
732
732
732
732
732
732
732
732
732
732
732
732
732
732
732
741
745
745
745
745
745
745
745
745
745
749
753
753
753
753
753
753
753
753
753
753
753
753
753
753
753
753
753
753
753
753
753
753
753
753
753
753
753
753
753
753
753
753
753
753
753
753
753
753
753
753
753
753
753
753
753
753
753
753
753
753
753
753
753
753
753
753
753
753
753
753
753
753
753
753
753
753
753
753
753
753
753
753
753
753
753
753
753
753
753
753
753
753
753
753
753
753
753
753
753
753
753
753
753
753
753
753
753
753
753
753
753
753
753
753
753
753
753
753
753
753
753
753
753
753
753
753
753
753
753
753
753
753
753
753
753
753
753
753
753
753
753
753
753
753
753
753
753
753
753
753
753
753
753
753
753
753
753
753
753
753
753
753
753
753
753
753
753
753
753
753
753
753
753
