-44119.0
-37700.0
-37346.0
-24222.0
-27690.0
-21384.0
-20575.0
-19015.0
-20977.0
-19984.0
-20040.0
-21028.0
-16587.0
-18023.0
-17924.0
-19892.0
-20614.0
-16235.0
-19759.0
-20716.0
-16587.0
-17097.0
-16775.0
-12194.0
-15728.0
-14153.0
-16303.0
-13662.0
-16499.0
-14311.0
-17201.0
-16533.0
-12432.0
-11322.0
-11359.0
-15524.0
-13871.0
-13188.0
-12843.0
-13081.0
-10370.0
-12605.0
-10257.0
-12109.0
-13533.0
-10036.0
-9522.0
-10620.0
-10353.0
-9499.0
-10929.0
-9458.0
-10922.0
-9416.0
-8197.0
-8096.0
-10097.0
-8211.0
-7577.0
-9562.0
-6477.0
-10076.0
-8950.0
-6187.0
-7151.0
-10505.0
-8053.0
-8043.0
-5650.0
-7347.0
-6625.0
-6919.0
-6447.0
-7486.0
-8776.0
-6089.0
-5650.0
-6585.0
-6290.0
-5234.0
-5860.0
-5999.0
-5004.0
-5244.0
-6151.0
-5775.0
-6151.0
-5861.0
-5808.0
-5558.0
-5575.0
-6085.0
-5551.0
-4988.0
-4748.0
-5499.0
-6088.0
-5684.0
-4503.0
-4241.0
