63009
50738
52518
36967
40676
33985
32387
30441
32822
31410
31091
32880
27335
29607
29265
31689
32360
25804
31447
31997
27805
28228
30011
22257
26014
23690
27200
23950
27381
24815
28600
26594
23180
20830
21124
28130
24732
22600
22629
25050
20171
21908
20474
21853
24339
20383
18690
20040
19685
18559
21115
18761
20627
19376
18788
16914
20590
17741
16921
19389
17256
19532
17794
13885
16303
20268
17034
16977
14672
16339
15640
15292
14457
16998
17270
14451
13430
14741
14766
13305
15285
13448
12284
13879
14264
15099
15705
14810
14279
13498
14508
14586
13997
13765
12449
12990
14296
14543
14605
10961
