11.668333333333333
9.395925925925926
9.725555555555555
6.845740740740741
7.532592592592593
6.2935185185185185
5.997592592592593
5.637222222222222
6.0781481481481485
5.816666666666666
5.757592592592593
6.088888888888889
5.062037037037037
5.482777777777778
5.419444444444444
5.868333333333333
5.992592592592593
4.778518518518519
5.823518518518519
5.92537037037037
5.149074074074074
5.227407407407408
5.557592592592592
4.121666666666667
4.817407407407408
4.387037037037037
5.037037037037037
4.435185185185185
5.070555555555556
4.595370370370371
5.296296296296297
4.924814814814815
4.292592592592593
3.8574074074074076
3.9118518518518517
5.20925925925926
4.58
4.185185185185185
4.190555555555555
4.638888888888889
3.7353703703703705
4.057037037037037
3.7914814814814815
4.0468518518518515
4.5072222222222225
3.77462962962963
3.4611111111111112
3.7111111111111112
3.64537037037037
3.436851851851852
3.910185185185185
3.4742592592592594
3.8198148148148148
3.5881481481481483
3.4792592592592593
3.132222222222222
3.812962962962963
3.2853703703703703
3.1335185185185184
3.5905555555555555
3.1955555555555555
3.617037037037037
3.295185185185185
2.571296296296296
3.0190740740740742
3.7533333333333334
3.1544444444444446
3.1438888888888887
2.717037037037037
3.0257407407407406
2.8962962962962964
2.831851851851852
2.6772222222222224
3.147777777777778
3.198148148148148
2.676111111111111
2.487037037037037
2.729814814814815
2.7344444444444442
2.463888888888889
2.8305555555555557
2.4903703703703703
2.274814814814815
2.5701851851851854
2.6414814814814815
2.796111111111111
2.908333333333333
2.7425925925925925
2.6442592592592593
2.4996296296296294
2.6866666666666665
2.701111111111111
2.592037037037037
2.549074074074074
2.3053703703703703
2.4055555555555554
2.647407407407407
2.6931481481481483
2.7046296296296295
2.0298148148148147
