-44119.0
-32092.0
-33731.0
-25451.0
-26828.0
-22942.0
-22992.0
-20421.0
-24692.0
-23627.0
-20694.0
-20010.0
-18762.0
-27314.0
-20844.0
-27873.0
-20974.0
-22020.0
-22037.0
-21555.0
-16365.0
-23556.0
-34151.0
-19026.0
-17579.0
-19444.0
-20226.0
-19651.0
-23078.0
-18633.0
-24645.0
-19792.0
-30952.0
-16940.0
-18389.0
-17056.0
-17978.0
-32786.0
-40660.0
-39859.0
-70608.0
-63180.0
-31598.0
-17868.0
-146968.0
-22212.0
-27395.0
-22019.0
-79777.0
-97424.0
-17284.0
-13033.0
-27801.0
-141307.0
-242301.0
-47343.0
-168871.0
-264567.0
-159479.0
-268716.0
-23176.0
-208680.0
-346447.0
-64549.0
-199613.0
-19666.0
-21794.0
-20819.0
-131152.0
-595123.0
-315686.0
-302529.0
-43974.0
-22551.0
-227388.0
-1060093.0
-280064.0
-459036.0
-353632.0
-621518.0
-63035.0
-839004.0
-634395.0
-520226.0
-935261.0
-933683.0
-722987.0
-108030.0
-164183.0
-1122048.0
-1065549.0
-1493366.0
-1274858.0
-1706467.0
-1373130.0
-1425009.0
-1444239.0
-1771762.0
-1964332.0
-1827411.0
