63009
45041
48608
39103
39392
35416
34730
32014
36919
35637
32153
31683
28932
39853
32449
40889
32979
33335
33719
32801
27233
35863
51931
30599
28865
31258
32110
30903
34737
28685
36407
32084
43522
27290
30109
30168
29613
45407
54551
56932
87111
79595
44318
28005
174717
33385
39627
33443
106755
117886
28598
22929
38968
171712
298715
62929
208734
302827
187479
314793
38283
242346
387898
80723
229933
31462
33628
31649
158763
668539
363222
339978
58191
34204
270701
1111862
335869
503524
416429
700411
81511
908702
709335
602085
1025552
1029395
829148
127420
185380
1223816
1166201
1573333
1321119
1770085
1418227
1487669
1479875
1810412
2027152
1838823
