11.668333333333333
8.340925925925927
9.001481481481482
7.241296296296296
7.294814814814814
6.558518518518518
6.431481481481481
5.928518518518518
6.8368518518518515
6.599444444444444
5.954259259259259
5.867222222222222
5.357777777777778
7.380185185185185
6.009074074074074
7.572037037037037
6.107222222222222
6.173148148148148
6.244259259259259
6.074259259259259
5.043148148148148
6.6412962962962965
9.616851851851852
5.6664814814814815
5.345370370370371
5.788518518518519
5.946296296296296
5.722777777777778
6.432777777777778
5.312037037037037
6.742037037037037
5.941481481481482
8.05962962962963
5.053703703703704
5.57574074074074
5.586666666666667
5.483888888888889
8.408703703703704
10.102037037037038
10.542962962962964
16.131666666666668
14.739814814814816
8.207037037037036
5.186111111111111
32.355
6.182407407407408
7.338333333333333
6.193148148148148
19.769444444444446
21.83074074074074
5.295925925925926
4.246111111111111
7.216296296296297
31.79851851851852
55.31759259259259
11.653518518518519
38.654444444444444
56.07907407407407
34.718333333333334
58.295
7.089444444444444
44.87888888888889
71.83296296296297
14.948703703703703
42.58018518518519
5.826296296296296
6.227407407407408
5.860925925925926
29.400555555555556
123.80351851851852
67.26333333333334
62.958888888888886
10.776111111111112
6.334074074074074
50.129814814814814
205.90037037037038
62.19796296296296
93.24518518518518
77.11648148148149
129.70574074074074
15.09462962962963
168.27814814814815
131.35833333333332
111.49722222222222
189.91703703703703
190.6287037037037
153.54592592592593
23.596296296296295
34.32962962962963
226.6325925925926
215.96314814814815
291.357962962963
244.65166666666667
327.7935185185185
262.6346296296296
275.49425925925925
274.0509259259259
335.2614814814815
375.39851851851853
340.5227777777778
