-44119.0
-33392.0
-33989.0
-23544.0
-27241.0
-22096.0
-21331.0
-18241.0
-25987.0
-22572.0
-18898.0
-20073.0
-19795.0
-19188.0
-16734.0
-20114.0
-19873.0
-17162.0
-18255.0
-16586.0
-15461.0
-17296.0
-18948.0
-15755.0
-16221.0
-14446.0
-18182.0
-16332.0
-16045.0
-13284.0
-17313.0
-14780.0
-13852.0
-12011.0
-12033.0
-15028.0
-14151.0
-12023.0
-16143.0
-14934.0
-12142.0
-10912.0
-11145.0
-11496.0
-12602.0
-12405.0
-10094.0
-11013.0
-10764.0
-9310.0
-11609.0
-9641.0
-11648.0
-10135.0
-8311.0
-8800.0
-9883.0
-7923.0
-9080.0
-8913.0
-7955.0
-8441.0
-8503.0
-7122.0
-7517.0
-8613.0
-7586.0
-8013.0
-6300.0
-7261.0
-6669.0
-7422.0
-5605.0
-8203.0
-7180.0
-7407.0
-5799.0
-6572.0
-6761.0
-6134.0
-6439.0
-5919.0
-5332.0
-6004.0
-4938.0
-5413.0
-4268.0
-5621.0
-6169.0
-5936.0
-4604.0
-5370.0
-5599.0
-4681.0
-4919.0
-4691.0
-5408.0
-4926.0
-5003.0
-4665.0
