11.668333333333333
8.578518518518518
9.013333333333334
6.700925925925926
7.451851851851852
6.445925925925926
6.164444444444444
5.532592592592593
7.17962962962963
6.326296296296296
5.662037037037037
5.920185185185185
5.616481481481482
5.70925925925926
5.065740740740741
6.063703703703704
5.912407407407407
5.066111111111111
5.348333333333334
5.129074074074074
4.810740740740741
5.295740740740741
5.835
4.9222222222222225
4.95
4.436111111111111
5.364629629629629
5.027962962962963
4.986666666666666
4.352407407407408
5.315740740740741
4.553703703703704
4.528888888888889
3.9831481481481483
4.118333333333333
5.143703703703704
4.686111111111111
3.975185185185185
4.792592592592593
5.044444444444444
4.191481481481482
3.8112962962962964
3.9003703703703705
3.992962962962963
4.266481481481481
4.072222222222222
3.758888888888889
3.763148148148148
3.6283333333333334
3.3742592592592593
4.09037037037037
3.446111111111111
3.825925925925926
3.8024074074074075
3.387037037037037
3.168148148148148
3.923703703703704
3.2022222222222223
3.505
3.4720370370370373
3.3922222222222222
3.2916666666666665
3.211851851851852
2.9516666666666667
3.131111111111111
3.3335185185185185
3.09
3.0355555555555553
2.8805555555555555
3.0137037037037038
2.9631481481481483
3.058333333333333
2.673888888888889
3.1975925925925925
2.8561111111111113
2.9603703703703705
2.772407407407407
2.7711111111111113
2.7225925925925925
2.747777777777778
3.1683333333333334
2.4653703703703704
2.395
2.6685185185185185
2.419259259259259
2.7933333333333334
2.567962962962963
2.81
2.8105555555555557
2.5951851851851853
2.457037037037037
2.6187037037037038
2.4444444444444446
2.5135185185185187
2.4633333333333334
2.2422222222222223
2.4718518518518517
2.496111111111111
2.7164814814814813
2.261111111111111
