63009
46324
48672
36185
40240
34808
33288
29876
38770
34162
30575
31969
30329
30830
27355
32744
31927
27357
28881
27697
25978
28597
31509
26580
26730
23955
28969
27151
26928
23503
28705
24590
24456
21509
22239
27776
25305
21466
25880
27240
22634
20581
21062
21562
23039
21990
20298
20321
19593
18221
22088
18609
20660
20533
18290
17108
21188
17292
18927
18749
18318
17775
17344
15939
16908
18001
16686
16392
15555
16274
16001
16515
14439
17267
15423
15986
14971
14964
14702
14838
17109
13313
12933
14410
13064
15084
13867
15174
15177
14014
13268
14141
13200
13573
13302
12108
13348
13479
14669
12210
