-44119.0
-31378.0
-33569.0
-24336.0
-28716.0
-21623.0
-22383.0
-19188.0
-24499.0
-22569.0
-21294.0
-20146.0
-18007.0
-23512.0
-20533.0
-20088.0
-18376.0
-16519.0
-20503.0
-20668.0
-15359.0
-15084.0
-17268.0
-14016.0
-18675.0
-14119.0
-15808.0
-16696.0
-15931.0
-16520.0
-16601.0
-15418.0
-12670.0
-12167.0
-13769.0
-13745.0
-13184.0
-13896.0
-12965.0
-18343.0
-11502.0
-11153.0
-13200.0
-11514.0
-13859.0
-11271.0
-12286.0
-11670.0
-12670.0
-11136.0
-11362.0
-8664.0
-10250.0
-11221.0
-9707.0
-10720.0
-10961.0
-8822.0
-9838.0
-10831.0
-8798.0
-9493.0
-9323.0
-8550.0
-7987.0
-9892.0
-8945.0
-10452.0
-9763.0
-9980.0
-9511.0
-10700.0
-9887.0
-8533.0
-7622.0
-9558.0
-6866.0
-6931.0
-8647.0
-7404.0
-7337.0
-8110.0
-7838.0
-8584.0
-7132.0
-8447.0
-7539.0
-8425.0
-8363.0
-7665.0
-10904.0
-7815.0
-12512.0
-6099.0
-6788.0
-6414.0
-7229.0
-15350.0
-6499.0
-7379.0
