63009
44457
48297
37581
41428
34230
34615
30418
36980
34009
32461
31722
27828
35078
31884
31486
30433
26869
31636
31967
26194
25676
29845
24733
29384
24395
27144
27699
26255
27350
27567
25360
22130
22582
25391
26476
24550
23777
23087
32898
21557
20770
23136
21023
24178
21812
22809
21402
23489
20593
21207
17406
20450
21750
20510
19268
22411
18785
20660
21097
19641
18909
18564
17367
17157
19560
17901
20583
19242
18911
19785
19540
19047
17244
16569
17953
15540
15229
17684
16511
17689
15886
15929
17554
15728
19147
17060
17789
17059
16637
20014
16575
22073
14698
14901
14197
15859
26284
16961
15493
