11.668333333333333
8.232777777777779
8.943888888888889
6.959444444444444
7.6718518518518515
6.338888888888889
6.410185185185185
5.632962962962963
6.848148148148148
6.297962962962963
6.011296296296297
5.874444444444444
5.153333333333333
6.495925925925926
5.904444444444445
5.83074074074074
5.635740740740741
4.975740740740741
5.858518518518519
5.919814814814814
4.850740740740741
4.754814814814814
5.526851851851852
4.580185185185186
5.441481481481482
4.517592592592592
5.026666666666666
5.129444444444444
4.862037037037037
5.064814814814815
5.105
4.696296296296296
4.098148148148148
4.181851851851852
4.702037037037037
4.902962962962963
4.546296296296297
4.403148148148148
4.2753703703703705
6.092222222222222
3.992037037037037
3.846296296296296
4.2844444444444445
3.893148148148148
4.477407407407408
4.039259259259259
4.223888888888889
3.9633333333333334
4.349814814814815
3.8135185185185185
3.9272222222222224
3.223333333333333
3.787037037037037
4.027777777777778
3.7981481481481483
3.5681481481481483
4.150185185185185
3.4787037037037036
3.825925925925926
3.906851851851852
3.6372222222222224
3.5016666666666665
3.437777777777778
3.216111111111111
3.1772222222222224
3.6222222222222222
3.315
3.8116666666666665
3.5633333333333335
3.502037037037037
3.6638888888888888
3.6185185185185187
3.527222222222222
3.1933333333333334
3.0683333333333334
3.3246296296296296
2.8777777777777778
2.8201851851851854
3.274814814814815
3.0575925925925924
3.2757407407407406
2.941851851851852
2.9498148148148147
3.2507407407407407
2.9125925925925924
3.5457407407407406
3.1592592592592594
3.294259259259259
3.159074074074074
3.080925925925926
3.7062962962962964
3.0694444444444446
4.087592592592593
2.7218518518518517
2.7594444444444446
2.629074074074074
2.936851851851852
4.867407407407407
3.140925925925926
2.869074074074074
